905
1	3	4	1	2	-5.193629947
2	4	5	2	3	-5.167415117
3	5	6	3	4	-5.1086592
4	6	7	4	5	-5.4679457
5	7	8	5	6	-5.012983311
6	8	9	6	7	-5.412154204
7	9	10	7	8	-5.106667433
8	10	11	8	9	-5.428985202
9	11	12	9	10	-5.39882718
10	12	13	10	11	-4.879166277
11	13	14	11	12	-5.059345898
12	14	15	12	13	-5.32205692
13	15	16	13	14	-5.253280048
14	16	17	14	15	-5.528285148
15	17	18	15	16	-5.448760692
16	18	19	16	17	-5.127180267
17	19	20	17	18	-5.2083121
18	20	21	18	19	-5.115722305
19	21	22	19	20	-5.591833741
20	22	23	20	21	-5.482984532
21	23	24	21	22	-5.105130476
22	24	25	22	23	-5.109735383
23	25	26	23	24	-5.286514543
24	26	27	24	25	-5.303765144
25	27	28	25	26	-5.047732292
26	28	29	26	27	-5.20800496
27	29	30	27	28	-5.392689812
28	30	31	28	29	-5.331684953
29	31	32	29	30	-5.131340549
30	32	33	30	31	-5.474951903
31	33	34	31	32	-5.051729231
32	34	35	32	33	-5.288432273
33	35	36	33	34	-5.777656306
34	36	37	34	35	-5.089412998
35	37	38	35	36	-5.36964643
36	38	39	36	37	-5.129419399
37	39	40	37	38	-5.145353978
38	40	41	38	39	-5.124634739
39	41	42	39	40	-5.22081806
40	42	43	40	41	-5.386729559
41	43	44	41	42	-5.348464651
42	44	45	42	43	-5.021446665
43	45	46	43	44	-5.317747204
44	46	47	44	45	-4.974701737
45	47	48	45	46	-5.341326307
46	48	49	46	47	-5.160638087
47	49	50	47	48	-5.060060874
48	4	5	1	2	-1.296275565
49	5	6	2	3	-1.277026337
50	6	7	3	4	-1.353080253
51	7	8	4	5	-1.404830483
52	8	9	5	6	-1.398005602
53	9	10	6	7	-1.312051453
54	10	11	7	8	-1.411848054
55	11	12	8	9	-1.239501045
56	12	13	9	10	-1.366576065
57	13	14	10	11	-1.390718264
58	14	15	11	12	-1.286114552
59	15	16	12	13	-1.378493425
60	16	17	13	14	-1.375522884
61	17	18	14	15	-1.407553363
62	18	19	15	16	-1.322294167
63	19	20	16	17	-1.364127787
64	20	21	17	18	-1.326221222
65	21	22	18	19	-1.322494028
66	22	23	19	20	-1.319688569
67	23	24	20	21	-1.293599585
68	24	25	21	22	-1.276308606
69	25	26	22	23	-1.307048231
70	26	27	23	24	-1.358616051
71	27	28	24	25	-1.286642265
72	28	29	25	26	-1.386060537
73	29	30	26	27	-1.345419768
74	30	31	27	28	-1.347167475
75	31	32	28	29	-1.390454855
76	32	33	29	30	-1.234508778
77	33	34	30	31	-1.367308378
78	34	35	31	32	-1.301629913
79	35	36	32	33	-1.433150012
80	36	37	33	34	-1.399957291
81	37	38	34	35	-1.389146805
82	38	39	35	36	-1.298012716
83	39	40	36	37	-1.303270364
84	40	41	37	38	-1.24872155
85	41	42	38	39	-1.431327112
86	42	43	39	40	-1.388350643
87	43	44	40	41	-1.256662084
88	44	45	41	42	-1.2711097
89	45	46	42	43	-1.299387758
90	46	47	43	44	-1.281969578
91	47	48	44	45	-1.320777882
92	48	49	45	46	-1.327096452
93	49	50	46	47	-1.270318744
94	5	6	1	2	-0.524863195
95	6	7	2	3	-0.543138285
96	7	8	3	4	-0.535292472
97	8	9	4	5	-0.549416973
98	9	10	5	6	-0.578968695
99	10	11	6	7	-0.563947375
100	11	12	7	8	-0.536779906
101	12	13	8	9	-0.570244392
102	13	14	9	10	-0.541794487
103	14	15	10	11	-0.553161084
104	15	16	11	12	-0.514132649
105	16	17	12	13	-0.522121776
106	17	18	13	14	-0.508355371
107	18	19	14	15	-0.535572171
108	19	20	15	16	-0.496079517
109	20	21	16	17	-0.515737914
110	21	22	17	18	-0.519459433
111	22	23	18	19	-0.543402517
112	23	24	19	20	-0.514104372
113	24	25	20	21	-0.553421378
114	25	26	21	22	-0.557396366
115	26	27	22	23	-0.542462376
116	27	28	23	24	-0.488146802
117	28	29	24	25	-0.57569252
118	29	30	25	26	-0.52150846
119	30	31	26	27	-0.515731681
120	31	32	27	28	-0.51594439
121	32	33	28	29	-0.553112996
122	33	34	29	30	-0.510462276
123	34	35	30	31	-0.507814114
124	35	36	31	32	-0.533498459
125	36	37	32	33	-0.549309769
126	37	38	33	34	-0.544647656
127	38	39	34	35	-0.519088018
128	39	40	35	36	-0.528316832
129	40	41	36	37	-0.527332923
130	41	42	37	38	-0.504119249
131	42	43	38	39	-0.486035499
132	43	44	39	40	-0.553526106
133	44	45	40	41	-0.543407637
134	45	46	41	42	-0.514099896
135	46	47	42	43	-0.527472125
136	47	48	43	44	-0.521234679
137	48	49	44	45	-0.550233501
138	49	50	45	46	-0.557778936
139	5	7	1	3	-2.799195429
140	6	8	2	4	-2.703707255
141	7	9	3	5	-2.545126473
142	8	10	4	6	-2.602675663
143	9	11	5	7	-2.762593826
144	10	12	6	8	-2.721055054
145	11	13	7	9	-2.663129423
146	12	14	8	10	-2.827797313
147	13	15	9	11	-2.763781003
148	14	16	10	12	-2.672215975
149	15	17	11	13	-2.482858963
150	16	18	12	14	-2.530511004
151	17	19	13	15	-2.378475883
152	18	20	14	16	-2.587101822
153	19	21	15	17	-2.489435579
154	20	22	16	18	-2.641260985
155	21	23	17	19	-2.598046615
156	22	24	18	20	-2.633309487
157	23	25	19	21	-2.665803894
158	24	26	20	22	-2.670042993
159	25	27	21	23	-2.778451169
160	26	28	22	24	-2.654499955
161	27	29	23	25	-2.494774242
162	28	30	24	26	-2.564229866
163	29	31	25	27	-2.671360906
164	30	32	26	28	-2.597454505
165	31	33	27	29	-2.762591267
166	32	34	28	30	-2.701199555
167	33	35	29	31	-2.652708559
168	34	36	30	32	-2.512828741
169	35	37	31	33	-2.683311827
170	36	38	32	34	-2.766420461
171	37	39	33	35	-2.742747924
172	38	40	34	36	-2.478169669
173	39	41	35	37	-2.523460069
174	40	42	36	38	-2.906511575
175	41	43	37	39	-2.743615064
176	42	44	38	40	-2.680158322
177	43	45	39	41	-2.651424678
178	44	46	40	42	-2.548908445
179	45	47	41	43	-2.688611969
180	46	48	42	44	-2.56074754
181	47	49	43	45	-2.416486337
182	48	50	44	46	-2.557977634
183	7	9	1	3	-0.667523263
184	8	10	2	4	-0.628361154
185	9	11	3	5	-0.723306207
186	10	12	4	6	-0.686380026
187	11	13	5	7	-0.713958916
188	12	14	6	8	-0.700530518
189	13	15	7	9	-0.645244636
190	14	16	8	10	-0.599247707
191	15	17	9	11	-0.644888045
192	16	18	10	12	-0.613190707
193	17	19	11	13	-0.606289587
194	18	20	12	14	-0.517560434
195	19	21	13	15	-0.544497993
196	20	22	14	16	-0.567230771
197	21	23	15	17	-0.575975568
198	22	24	16	18	-0.551959154
199	23	25	17	19	-0.62194297
200	24	26	18	20	-0.612705809
201	25	27	19	21	-0.62367293
202	26	28	20	22	-0.666561315
203	27	29	21	23	-0.714091229
204	28	30	22	24	-0.736362639
205	29	31	23	25	-0.690979672
206	30	32	24	26	-0.717227286
207	31	33	25	27	-0.678083217
208	32	34	26	28	-0.68907542
209	33	35	27	29	-0.665152013
210	34	36	28	30	-0.709203164
211	35	37	29	31	-0.631636668
212	36	38	30	32	-0.680186706
213	37	39	31	33	-0.696292968
214	38	40	32	34	-0.711286949
215	39	41	33	35	-0.669373097
216	40	42	34	36	-0.625882278
217	41	43	35	37	-0.623612055
218	42	44	36	38	-0.648802136
219	43	45	37	39	-0.675779711
220	44	46	38	40	-0.660148323
221	45	47	39	41	-0.611803948
222	46	48	40	42	-0.690269562
223	47	49	41	43	-0.65978197
224	48	50	42	44	-0.675428897
225	9	11	1	3	-0.261796866
226	10	12	2	4	-0.271274058
227	11	13	3	5	-0.279083919
228	12	14	4	6	-0.30576004
229	13	15	5	7	-0.259901926
230	14	16	6	8	-0.278283704
231	15	17	7	9	-0.255983831
232	16	18	8	10	-0.247690999
233	17	19	9	11	-0.218053521
234	18	20	10	12	-0.188954925
235	19	21	11	13	-0.17758214
236	20	22	12	14	-0.185207954
237	21	23	13	15	-0.1711071
238	22	24	14	16	-0.171296543
239	23	25	15	17	-0.178396664
240	24	26	16	18	-0.185866166
241	25	27	17	19	-0.209119265
242	26	28	18	20	-0.243888692
243	27	29	19	21	-0.240613078
244	28	30	20	22	-0.283024408
245	29	31	21	23	-0.286383878
246	30	32	22	24	-0.263387241
247	31	33	23	25	-0.300075114
248	32	34	24	26	-0.272500659
249	33	35	25	27	-0.274076981
250	34	36	26	28	-0.265346551
251	35	37	27	29	-0.27772984
252	36	38	28	30	-0.270738125
253	37	39	29	31	-0.260141058
254	38	40	30	32	-0.279990995
255	39	41	31	33	-0.276716458
256	40	42	32	34	-0.267255061
257	41	43	33	35	-0.270698253
258	42	44	34	36	-0.264394701
259	43	45	35	37	-0.257838778
260	44	46	36	38	-0.229980099
261	45	47	37	39	-0.270652251
262	46	48	38	40	-0.262719634
263	47	49	39	41	-0.260653463
264	48	50	40	42	-0.278338917
265	7	10	1	4	-1.814313281
266	8	11	2	5	-1.819338579
267	9	12	3	6	-1.847657755
268	10	13	4	7	-1.903360891
269	11	14	5	8	-1.877305642
270	12	15	6	9	-1.704406459
271	13	16	7	10	-1.692684876
272	14	17	8	11	-1.712841295
273	15	18	9	12	-1.687120953
274	16	19	10	13	-1.546428556
275	17	20	11	14	-1.592603711
276	18	21	12	15	-1.462086645
277	19	22	13	16	-1.558887529
278	20	23	14	17	-1.528838881
279	21	24	15	18	-1.441586815
280	22	25	16	19	-1.373987544
281	23	26	17	20	-1.644331075
282	24	27	18	21	-1.702774654
283	25	28	19	22	-1.670368879
284	26	29	20	23	-1.821330414
285	27	30	21	24	-1.815079058
286	28	31	22	25	-1.772719034
287	29	32	23	26	-1.92385958
288	30	33	24	27	-1.677757191
289	31	34	25	28	-1.660117816
290	32	35	26	29	-1.861965201
291	33	36	27	30	-1.864053553
292	34	37	28	31	-1.735130676
293	35	38	29	32	-1.752054516
294	36	39	30	33	-1.664578132
295	37	40	31	34	-1.735097021
296	38	41	32	35	-1.842789053
297	39	42	33	36	-1.647882091
298	40	43	34	37	-1.810212448
299	41	44	35	38	-1.747368346
300	42	45	36	39	-1.875792877
301	43	46	37	40	-1.873860619
302	44	47	38	41	-1.798980355
303	45	48	39	42	-1.780914031
304	46	49	40	43	-1.904973039
305	47	50	41	44	-1.746736006
306	10	13	1	4	-0.45847206
307	11	14	2	5	-0.463403535
308	12	15	3	6	-0.487080008
309	13	16	4	7	-0.489843165
310	14	17	5	8	-0.431166233
311	15	18	6	9	-0.401873048
312	16	19	7	10	-0.359427288
313	17	20	8	11	-0.337436475
314	18	21	9	12	-0.310566508
315	19	22	10	13	-0.245516631
316	20	23	11	14	-0.256394806
317	21	24	12	15	-0.250165218
318	22	25	13	16	-0.277807254
319	23	26	14	17	-0.286504776
320	24	27	15	18	-0.292035043
321	25	28	16	19	-0.324062996
322	26	29	17	20	-0.353761367
323	27	30	18	21	-0.408094834
324	28	31	19	22	-0.373916263
325	29	32	20	23	-0.457854538
326	30	33	21	24	-0.464335853
327	31	34	22	25	-0.453134604
328	32	35	23	26	-0.486982545
329	33	36	24	27	-0.471558847
330	34	37	25	28	-0.449293135
331	35	38	26	29	-0.427809995
332	36	39	27	30	-0.459100163
333	37	40	28	31	-0.481349921
334	38	41	29	32	-0.442648932
335	39	42	30	33	-0.46665401
336	40	43	31	34	-0.44918758
337	41	44	32	35	-0.441769623
338	42	45	33	36	-0.464764004
339	43	46	34	37	-0.455854336
340	44	47	35	38	-0.485471035
341	45	48	36	39	-0.435608332
342	46	49	37	40	-0.453680045
343	47	50	38	41	-0.428079648
344	13	16	1	4	-0.185171332
345	14	17	2	5	-0.158920067
346	15	18	3	6	-0.137946887
347	16	19	4	7	-0.125512284
348	17	20	5	8	-0.112350885
349	18	21	6	9	-0.107735579
350	19	22	7	10	-0.095792506
351	20	23	8	11	-0.093501879
352	21	24	9	12	-0.105784916
353	22	25	10	13	-0.10383017
354	23	26	11	14	-0.090561779
355	24	27	12	15	-0.099201594
356	25	28	13	16	-0.095287596
357	26	29	14	17	-0.096002238
358	27	30	15	18	-0.093141554
359	28	31	16	19	-0.117532892
360	29	32	17	20	-0.124043518
361	30	33	18	21	-0.143984803
362	31	34	19	22	-0.163526697
363	32	35	20	23	-0.182568161
364	33	36	21	24	-0.183152685
365	34	37	22	25	-0.181845262
366	35	38	23	26	-0.199196368
367	36	39	24	27	-0.175974421
368	37	40	25	28	-0.190671933
369	38	41	26	29	-0.180271562
370	39	42	27	30	-0.174810096
371	40	43	28	31	-0.18734433
372	41	44	29	32	-0.186895169
373	42	45	30	33	-0.176433303
374	43	46	31	34	-0.187644828
375	44	47	32	35	-0.175176699
376	45	48	33	36	-0.188609591
377	46	49	34	37	-0.183276668
378	47	50	35	38	-0.17399559
379	9	13	1	5	-1.298257868
380	10	14	2	6	-1.339763034
381	11	15	3	7	-1.367457801
382	12	16	4	8	-1.261271021
383	13	17	5	9	-1.3112507
384	14	18	6	10	-1.302709276
385	15	19	7	11	-1.236342417
386	16	20	8	12	-1.104662997
387	17	21	9	13	-1.062163002
388	18	22	10	14	-1.006310722
389	19	23	11	15	-1.021743178
390	20	24	12	16	-0.927699059
391	21	25	13	17	-1.010282924
392	22	26	14	18	-1.01417974
393	23	27	15	19	-1.044804997
394	24	28	16	20	-1.13332176
395	25	29	17	21	-1.192555991
396	26	30	18	22	-1.288615532
397	27	31	19	23	-1.309663304
398	28	32	20	24	-1.31378124
399	29	33	21	25	-1.332585865
400	30	34	22	26	-1.40157106
401	31	35	23	27	-1.375618678
402	32	36	24	28	-1.298228505
403	33	37	25	29	-1.265405329
404	34	38	26	30	-1.293660231
405	35	39	27	31	-1.301875237
406	36	40	28	32	-1.258998668
407	37	41	29	33	-1.377850204
408	38	42	30	34	-1.398041065
409	39	43	31	35	-1.357646968
410	40	44	32	36	-1.30057414
411	41	45	33	37	-1.37918509
412	42	46	34	38	-1.375338963
413	43	47	35	39	-1.243735985
414	44	48	36	40	-1.400920742
415	45	49	37	41	-1.325615687
416	46	50	38	42	-1.316339931
417	13	17	1	5	-0.34103127
418	14	18	2	6	-0.31341501
419	15	19	3	7	-0.27760654
420	16	20	4	8	-0.241470186
421	17	21	5	9	-0.222071261
422	18	22	6	10	-0.194311357
423	19	23	7	11	-0.205008612
424	20	24	8	12	-0.194065673
425	21	25	9	13	-0.174766836
426	22	26	10	14	-0.190306283
427	23	27	11	15	-0.186697394
428	24	28	12	16	-0.183939997
429	25	29	13	17	-0.182674355
430	26	30	14	18	-0.207087688
431	27	31	15	19	-0.20138052
432	28	32	16	20	-0.244273291
433	29	33	17	21	-0.261539081
434	30	34	18	22	-0.310921354
435	31	35	19	23	-0.322990609
436	32	36	20	24	-0.349748402
437	33	37	21	25	-0.341641215
438	34	38	22	26	-0.326577598
439	35	39	23	27	-0.337664613
440	36	40	24	28	-0.337647502
441	37	41	25	29	-0.359224991
442	38	42	26	30	-0.347039746
443	39	43	27	31	-0.344792438
444	40	44	28	32	-0.332408471
445	41	45	29	33	-0.361424954
446	42	46	30	34	-0.337755592
447	43	47	31	35	-0.349287219
448	44	48	32	36	-0.334864545
449	45	49	33	37	-0.32886099
450	46	50	34	38	-0.336296663
451	17	21	1	5	-0.076999115
452	18	22	2	6	-0.077962325
453	19	23	3	7	-0.070619746
454	20	24	4	8	-0.073303129
455	21	25	5	9	-0.081864212
456	22	26	6	10	-0.080889566
457	23	27	7	11	-0.081156892
458	24	28	8	12	-0.081135645
459	25	29	9	13	-0.08274994
460	26	30	10	14	-0.081263403
461	27	31	11	15	-0.077267255
462	28	32	12	16	-0.077681311
463	29	33	13	17	-0.073985018
464	30	34	14	18	-0.069431105
465	31	35	15	19	-0.074852152
466	32	36	16	20	-0.08700595
467	33	37	17	21	-0.104339037
468	34	38	18	22	-0.121855962
469	35	39	19	23	-0.120864635
470	36	40	20	24	-0.139534555
471	37	41	21	25	-0.144443097
472	38	42	22	26	-0.145847522
473	39	43	23	27	-0.140521559
474	40	44	24	28	-0.14733039
475	41	45	25	29	-0.141991298
476	42	46	26	30	-0.133298768
477	43	47	27	31	-0.136361857
478	44	48	28	32	-0.140858744
479	45	49	29	33	-0.131108861
480	46	50	30	34	-0.127560097
481	11	16	1	6	-1.047967156
482	12	17	2	7	-1.081338188
483	13	18	3	8	-1.061625688
484	14	19	4	9	-1.005380658
485	15	20	5	10	-0.856341426
486	16	21	6	11	-0.843987376
487	17	22	7	12	-0.777500686
488	18	23	8	13	-0.660646686
489	19	24	9	14	-0.700102568
490	20	25	10	15	-0.707846344
491	21	26	11	16	-0.695545665
492	22	27	12	17	-0.709075182
493	23	28	13	18	-0.74380097
494	24	29	14	19	-0.782773667
495	25	30	15	20	-0.769189412
496	26	31	16	21	-0.89448433
497	27	32	17	22	-0.960158934
498	28	33	18	23	-1.05797254
499	29	34	19	24	-1.105845509
500	30	35	20	25	-1.08869404
501	31	36	21	26	-1.080962269
502	32	37	22	27	-1.162818875
503	33	38	23	28	-1.225001702
504	34	39	24	29	-1.145050961
505	35	40	25	30	-1.114218729
506	36	41	26	31	-1.052179087
507	37	42	27	32	-1.056110271
508	38	43	28	33	-1.088130863
509	39	44	29	34	-1.079568224
510	40	45	30	35	-1.120372803
511	41	46	31	36	-1.030551113
512	42	47	32	37	-1.109895804
513	43	48	33	38	-1.107368887
514	44	49	34	39	-1.12034683
515	45	50	35	40	-1.193009451
516	16	21	1	6	-0.166889534
517	17	22	2	7	-0.162101543
518	18	23	3	8	-0.142556331
519	19	24	4	9	-0.144002973
520	20	25	5	10	-0.151232835
521	21	26	6	11	-0.154594009
522	22	27	7	12	-0.144981349
523	23	28	8	13	-0.165912299
524	24	29	9	14	-0.149486478
525	25	30	10	15	-0.145090978
526	26	31	11	16	-0.155859825
527	27	32	12	17	-0.141437072
528	28	33	13	18	-0.153433099
529	29	34	14	19	-0.151501694
530	30	35	15	20	-0.176761496
531	31	36	16	21	-0.216693929
532	32	37	17	22	-0.237285711
533	33	38	18	23	-0.244717174
534	34	39	19	24	-0.261730481
535	35	40	20	25	-0.26141418
536	36	41	21	26	-0.290203137
537	37	42	22	27	-0.269467693
538	38	43	23	28	-0.269626376
539	39	44	24	29	-0.290854439
540	40	45	25	30	-0.286672567
541	41	46	26	31	-0.280107173
542	42	47	27	32	-0.283830405
543	43	48	28	33	-0.277703095
544	44	49	29	34	-0.263717575
545	45	50	30	35	-0.270977435
546	21	26	1	6	-0.068598927
547	22	27	2	7	-0.071381378
548	23	28	3	8	-0.073478529
549	24	29	4	9	-0.074633033
550	25	30	5	10	-0.080345057
551	26	31	6	11	-0.078922531
552	27	32	7	12	-0.080047414
553	28	33	8	13	-0.074179683
554	29	34	9	14	-0.076368682
555	30	35	10	15	-0.073344756
556	31	36	11	16	-0.061581526
557	32	37	12	17	-0.062928779
558	33	38	13	18	-0.055558823
559	34	39	14	19	-0.058955143
560	35	40	15	20	-0.066888311
561	36	41	16	21	-0.079361862
562	37	42	17	22	-0.08601585
563	38	43	18	23	-0.096493791
564	39	44	19	24	-0.105747646
565	40	45	20	25	-0.109480665
566	41	46	21	26	-0.116201158
567	42	47	22	27	-0.115931923
568	43	48	23	28	-0.117403017
569	44	49	24	29	-0.112875386
570	45	50	25	30	-0.116967164
571	13	19	1	7	-0.838318529
572	14	20	2	8	-0.743155604
573	15	21	3	9	-0.683835427
574	16	22	4	10	-0.633552441
575	17	23	5	11	-0.547502465
576	18	24	6	12	-0.523447118
577	19	25	7	13	-0.517735895
578	20	26	8	14	-0.553672941
579	21	27	9	15	-0.541980129
580	22	28	10	16	-0.532291046
581	23	29	11	17	-0.557942915
582	24	30	12	18	-0.480451401
583	25	31	13	19	-0.614149288
584	26	32	14	20	-0.611719224
585	27	33	15	21	-0.737765544
586	28	34	16	22	-0.760009105
587	29	35	17	23	-0.810400608
588	30	36	18	24	-0.87659603
589	31	37	19	25	-0.920157728
590	32	38	20	26	-0.90009443
591	33	39	21	27	-0.917003341
592	34	40	22	28	-0.922337002
593	35	41	23	29	-0.84277128
594	36	42	24	30	-0.899522898
595	37	43	25	31	-0.892122585
596	38	44	26	32	-0.874592412
597	39	45	27	33	-0.902442726
598	40	46	28	34	-0.936310039
599	41	47	29	35	-0.891695143
600	42	48	30	36	-0.888912176
601	43	49	31	37	-0.888894844
602	44	50	32	38	-0.889742627
603	19	25	1	7	-0.12959388
604	20	26	2	8	-0.13682466
605	21	27	3	9	-0.128272834
606	22	28	4	10	-0.139742391
607	23	29	5	11	-0.143228339
608	24	30	6	12	-0.151512318
609	25	31	7	13	-0.148065476
610	26	32	8	14	-0.14354652
611	27	33	9	15	-0.139323229
612	28	34	10	16	-0.132118261
613	29	35	11	17	-0.128709418
614	30	36	12	18	-0.125234049
615	31	37	13	19	-0.130201144
616	32	38	14	20	-0.139498682
617	33	39	15	21	-0.158628562
618	34	40	16	22	-0.173170864
619	35	41	17	23	-0.195746635
620	36	42	18	24	-0.21469069
621	37	43	19	25	-0.234835493
622	38	44	20	26	-0.243020814
623	39	45	21	27	-0.236308386
624	40	46	22	28	-0.232510312
625	41	47	23	29	-0.244434934
626	42	48	24	30	-0.232490939
627	43	49	25	31	-0.209538959
628	44	50	26	32	-0.216043757
629	25	31	1	7	-0.071099042
630	26	32	2	8	-0.069975102
631	27	33	3	9	-0.068705133
632	28	34	4	10	-0.076373894
633	29	35	5	11	-0.075527296
634	30	36	6	12	-0.064861414
635	31	37	7	13	-0.067357101
636	32	38	8	14	-0.06692867
637	33	39	9	15	-0.061007077
638	34	40	10	16	-0.059385876
639	35	41	11	17	-0.055613716
640	36	42	12	18	-0.052001956
641	37	43	13	19	-0.052549742
642	38	44	14	20	-0.057542887
643	39	45	15	21	-0.056209457
644	40	46	16	22	-0.065878701
645	41	47	17	23	-0.077553128
646	42	48	18	24	-0.086179747
647	43	49	19	25	-0.092668299
648	44	50	20	26	-0.096477551
649	15	22	1	8	-0.570921533
650	16	23	2	9	-0.504358649
651	17	24	3	10	-0.472023633
652	18	25	4	11	-0.459559217
653	19	26	5	12	-0.432356706
654	20	27	6	13	-0.418715219
655	21	28	7	14	-0.435812055
656	22	29	8	15	-0.450654422
657	23	30	9	16	-0.440387811
658	24	31	10	17	-0.468062788
659	25	32	11	18	-0.500683747
660	26	33	12	19	-0.501260252
661	27	34	13	20	-0.530450915
662	28	35	14	21	-0.543834626
663	29	36	15	22	-0.612858065
664	30	37	16	23	-0.692927218
665	31	38	17	24	-0.754206446
666	32	39	18	25	-0.767744414
667	33	40	19	26	-0.802253082
668	34	41	20	27	-0.830115656
669	35	42	21	28	-0.839557616
670	36	43	22	29	-0.764830279
671	37	44	23	30	-0.837273126
672	38	45	24	31	-0.793858975
673	39	46	25	32	-0.708715834
674	40	47	26	33	-0.813363198
675	41	48	27	34	-0.77537625
676	42	49	28	35	-0.786666093
677	43	50	29	36	-0.722685523
678	22	29	1	8	-0.130360018
679	23	30	2	9	-0.137763214
680	24	31	3	10	-0.135908
681	25	32	4	11	-0.139383968
682	26	33	5	12	-0.145117099
683	27	34	6	13	-0.12934712
684	28	35	7	14	-0.121721221
685	29	36	8	15	-0.132274956
686	30	37	9	16	-0.123783747
687	31	38	10	17	-0.119471933
688	32	39	11	18	-0.112400647
689	33	40	12	19	-0.114362529
690	34	41	13	20	-0.111183284
691	35	42	14	21	-0.118448289
692	36	43	15	22	-0.137527352
693	37	44	16	23	-0.16432485
694	38	45	17	24	-0.186258129
695	39	46	18	25	-0.181155491
696	40	47	19	26	-0.201145846
697	41	48	20	27	-0.199543372
698	42	49	21	28	-0.209599919
699	43	50	22	29	-0.189067545
700	29	36	1	8	-0.064966495
701	30	37	2	9	-0.063395909
702	31	38	3	10	-0.064856939
703	32	39	4	11	-0.070583282
704	33	40	5	12	-0.06308881
705	34	41	6	13	-0.061246723
706	35	42	7	14	-0.05550324
707	36	43	8	15	-0.054920983
708	37	44	9	16	-0.05080903
709	38	45	10	17	-0.048257906
710	39	46	11	18	-0.047567189
711	40	47	12	19	-0.044445567
712	41	48	13	20	-0.045349194
713	42	49	14	21	-0.050659418
714	43	50	15	22	-0.055998333
715	17	25	1	9	-0.416865686
716	18	26	2	10	-0.389340693
717	19	27	3	11	-0.394228109
718	20	28	4	12	-0.36268795
719	21	29	5	13	-0.390149728
720	22	30	6	14	-0.387798936
721	23	31	7	15	-0.388893299
722	24	32	8	16	-0.384811769
723	25	33	9	17	-0.400337046
724	26	34	10	18	-0.383620158
725	27	35	11	19	-0.416575977
726	28	36	12	20	-0.424294929
727	29	37	13	21	-0.484507351
728	30	38	14	22	-0.545552719
729	31	39	15	23	-0.577393527
730	32	40	16	24	-0.643196849
731	33	41	17	25	-0.658219216
732	34	42	18	26	-0.69229074
733	35	43	19	27	-0.719094462
734	36	44	20	28	-0.661336227
735	37	45	21	29	-0.666768175
736	38	46	22	30	-0.680219959
737	39	47	23	31	-0.708018745
738	40	48	24	32	-0.665060818
739	41	49	25	33	-0.686876075
740	42	50	26	34	-0.705703685
741	25	33	1	9	-0.123393798
742	26	34	2	10	-0.135876169
743	27	35	3	11	-0.135264989
744	28	36	4	12	-0.129710357
745	29	37	5	13	-0.128415002
746	30	38	6	14	-0.118830989
747	31	39	7	15	-0.119755048
748	32	40	8	16	-0.105753618
749	33	41	9	17	-0.102441912
750	34	42	10	18	-0.100940025
751	35	43	11	19	-0.09929971
752	36	44	12	20	-0.100941457
753	37	45	13	21	-0.116752306
754	38	46	14	22	-0.119581284
755	39	47	15	23	-0.126479879
756	40	48	16	24	-0.151572549
757	41	49	17	25	-0.156248762
758	42	50	18	26	-0.161944185
759	33	41	1	9	-0.059894633
760	34	42	2	10	-0.05719028
761	35	43	3	11	-0.058352744
762	36	44	4	12	-0.057332867
763	37	45	5	13	-0.057083566
764	38	46	6	14	-0.050661127
765	39	47	7	15	-0.050407287
766	40	48	8	16	-0.048661545
767	41	49	9	17	-0.044940801
768	42	50	10	18	-0.043092784
769	19	28	1	10	-0.345031758
770	20	29	2	11	-0.335029882
771	21	30	3	12	-0.350553939
772	22	31	4	13	-0.345817439
773	23	32	5	14	-0.353548055
774	24	33	6	15	-0.374470234
775	25	34	7	16	-0.356316009
776	26	35	8	17	-0.336123289
777	27	36	9	18	-0.346170441
778	28	37	10	19	-0.349930625
779	29	38	11	20	-0.383276979
780	30	39	12	21	-0.405719341
781	31	40	13	22	-0.449787297
782	32	41	14	23	-0.490831719
783	33	42	15	24	-0.531560816
784	34	43	16	25	-0.580216858
785	35	44	17	26	-0.598884799
786	36	45	18	27	-0.565227225
787	37	46	19	28	-0.545013669
788	38	47	20	29	-0.634333414
789	39	48	21	30	-0.634527967
790	40	49	22	31	-0.610578653
791	41	50	23	32	-0.574038808
792	28	37	1	10	-0.120025257
793	29	38	2	11	-0.119448155
794	30	39	3	12	-0.112896913
795	31	40	4	13	-0.113526388
796	32	41	5	14	-0.118770852
797	33	42	6	15	-0.108591878
798	34	43	7	16	-0.106741536
799	35	44	8	17	-0.10084914
800	36	45	9	18	-0.089537383
801	37	46	10	19	-0.090540913
802	38	47	11	20	-0.097235589
803	39	48	12	21	-0.105792664
804	40	49	13	22	-0.103850052
805	41	50	14	23	-0.121383751
806	37	46	1	10	-0.05752008
807	38	47	2	11	-0.051706139
808	39	48	3	12	-0.051371415
809	40	49	4	13	-0.051324598
810	41	50	5	14	-0.049766695
811	21	31	1	11	-0.334703568
812	22	32	2	12	-0.37110554
813	23	33	3	13	-0.350716827
814	24	34	4	14	-0.354437773
815	25	35	5	15	-0.361040125
816	26	36	6	16	-0.358000333
817	27	37	7	17	-0.312008474
818	28	38	8	18	-0.309959712
819	29	39	9	19	-0.327583546
820	30	40	10	20	-0.357111234
821	31	41	11	21	-0.385462581
822	32	42	12	22	-0.400631608
823	33	43	13	23	-0.410337484
824	34	44	14	24	-0.447480647
825	35	45	15	25	-0.504747647
826	36	46	16	26	-0.513850176
827	37	47	17	27	-0.507970785
828	38	48	18	28	-0.575541249
829	39	49	19	29	-0.533419058
830	40	50	20	30	-0.52073956
831	31	41	1	11	-0.107012246
832	32	42	2	12	-0.106858423
833	33	43	3	13	-0.110746678
834	34	44	4	14	-0.110553839
835	35	45	5	15	-0.09851942
836	36	46	6	16	-0.099234476
837	37	47	7	17	-0.092430221
838	38	48	8	18	-0.092516753
839	39	49	9	19	-0.086029413
840	40	50	10	20	-0.08295966
841	23	34	1	12	-0.340493676
842	24	35	2	13	-0.34843116
843	25	36	3	14	-0.32047391
844	26	37	4	15	-0.32171138
845	27	38	5	16	-0.320900262
846	28	39	6	17	-0.286313136
847	29	40	7	18	-0.300170255
848	30	41	8	19	-0.312200156
849	31	42	9	20	-0.334483054
850	32	43	10	21	-0.352220936
851	33	44	11	22	-0.392080903
852	34	45	12	23	-0.3753601
853	35	46	13	24	-0.41185137
854	36	47	14	25	-0.434292877
855	37	48	15	26	-0.450164536
856	38	49	16	27	-0.45857609
857	39	50	17	28	-0.471938141
858	34	45	1	12	-0.103067877
859	35	46	2	13	-0.10166677
860	36	47	3	14	-0.094899818
861	37	48	4	15	-0.09638071
862	38	49	5	16	-0.088684822
863	39	50	6	17	-0.085713678
864	25	37	1	13	-0.300430528
865	26	38	2	14	-0.327740977
866	27	39	3	15	-0.320690346
867	28	40	4	16	-0.294629217
868	29	41	5	17	-0.302195888
869	30	42	6	18	-0.272007335
870	31	43	7	19	-0.296296939
871	32	44	8	20	-0.289742043
872	33	45	9	21	-0.294721535
873	34	46	10	22	-0.331507599
874	35	47	11	23	-0.369782199
875	36	48	12	24	-0.38275228
876	37	49	13	25	-0.386770517
877	38	50	14	26	-0.392648783
878	37	49	1	13	-0.090754164
879	38	50	2	14	-0.09230853
880	27	40	1	14	-0.311797108
881	28	41	2	15	-0.296610882
882	29	42	3	16	-0.276450593
883	30	43	4	17	-0.275598798
884	31	44	5	18	-0.276772478
885	32	45	6	19	-0.279984478
886	33	46	7	20	-0.281146282
887	34	47	8	21	-0.300604557
888	35	48	9	22	-0.29645235
889	36	49	10	23	-0.335736626
890	37	50	11	24	-0.347077461
891	29	43	1	15	-0.273024018
892	30	44	2	16	-0.28700886
893	31	45	3	17	-0.249709151
894	32	46	4	18	-0.24967594
895	33	47	5	19	-0.269101932
896	34	48	6	20	-0.263406039
897	35	49	7	21	-0.273076691
898	36	50	8	22	-0.290529217
899	31	46	1	16	-0.252963157
900	32	47	2	17	-0.251114001
901	33	48	3	18	-0.259961342
902	34	49	4	19	-0.253349992
903	35	50	5	20	-0.238746784
904	33	49	1	17	-0.240787305
905	34	50	2	18	-0.223365952
