-4.966371310038211639e+00
-5.388738247469213150e+00
-4.568131049738262561e+00
-5.639695538277237574e+00
-4.815790962741091086e+00
-5.314836924375206273e+00
-4.854799085883322540e+00
-5.022097000309950765e+00
-5.017684627238306661e+00
-5.065198932302880763e+00
-4.811998051788091146e+00
-5.677196131097240084e+00
-4.707240197857908370e+00
-4.706437228279126472e+00
-4.588633096742339212e+00
-5.088951390174182521e+00
-5.480982044093193117e+00
-6.167511920183438079e+00
-4.869920806025335835e+00
-5.234186449364800708e+00
-5.078536281345154002e+00
-5.387327046035559341e+00
-5.147825046574880048e+00
-5.561273999145486258e+00
-5.242733109171618722e+00
-5.136527048177926602e+00
-4.995873842718319580e+00
-5.149220251333226805e+00
-4.930040742815899435e+00
-5.191251381202291348e+00
-5.193484366379739647e+00
-5.552188807376859714e+00
-5.321902190364848906e+00
-5.327825539566139135e+00
-5.557707506272282494e+00
-5.179730563780864827e+00
-5.465187079063137610e+00
-5.840399201988061506e+00
-4.795109356965358671e+00
-5.335175550663173283e+00
-4.948303473900097060e+00
-4.973900853590625282e+00
-5.612980658524395317e+00
-4.648034833718928560e+00
-4.823554372685430636e+00
-4.797687242404482966e+00
-4.833683043228754528e+00
-1.218313147475218683e+00
-1.307101947088675331e+00
-1.435679110412831694e+00
-1.414016784849351227e+00
-1.272554993125833089e+00
-1.335761102487857954e+00
-1.366072990668608655e+00
-1.169191865170079669e+00
-1.372802450130995222e+00
-1.490966133065179555e+00
-1.301702465612704973e+00
-1.344374953099205960e+00
-1.339689086456049338e+00
-1.314307339904503102e+00
-1.540095811349454724e+00
-1.317028329614172488e+00
-1.467967181283755584e+00
-1.493440674487458653e+00
-1.306846738050813750e+00
-1.289089651771211820e+00
-1.223527931754645914e+00
-1.409028323944435002e+00
-1.192957537728852380e+00
-1.473914461192176395e+00
-1.336432752352058939e+00
-1.637575736632971735e+00
-1.277019439979710791e+00
-1.159820981188611322e+00
-1.345676516274497025e+00
-1.349770228433074148e+00
-1.196708792357883855e+00
-1.180321480636083553e+00
-1.499958120728238420e+00
-1.213023845561028269e+00
-1.131497664410606729e+00
-1.233359057307154005e+00
-1.210124137794018395e+00
-1.396359588251629757e+00
-1.333797145776765225e+00
-1.291616503954948980e+00
-1.365137307599101568e+00
-1.525258796291086849e+00
-1.344043816836626437e+00
-1.243845513321374829e+00
-1.268244248713472189e+00
-1.432080648482889629e+00
-5.183545167845542423e-01
-5.269452679737109957e-01
-6.228195635909171690e-01
-5.391853642476059916e-01
-4.811112613237155666e-01
-5.589459954118726204e-01
-5.281642033644775580e-01
-5.512537225247631234e-01
-5.565919566035589794e-01
-5.593426906810700094e-01
-4.704845291013231012e-01
-4.348854361001988633e-01
-4.765996614337578707e-01
-4.682558871292576974e-01
-5.602354348886772195e-01
-5.013192204962358955e-01
-4.596162894924769038e-01
-5.183591290064030188e-01
-5.226702448983719940e-01
-5.234268111068197671e-01
-4.985543970968265293e-01
-6.686083254085859462e-01
-4.934254903007238013e-01
-4.712595879869093674e-01
-5.687599972705298379e-01
-5.277571234789164567e-01
-5.138197958162851187e-01
-5.246316633907073257e-01
-5.037506472181776385e-01
-5.383584500037070786e-01
-4.847728524303536735e-01
-6.101641313904104802e-01
-5.002274358078834249e-01
-5.390195741498321480e-01
-5.561080762319949855e-01
-5.510718826281935101e-01
-5.837694507232216168e-01
-5.660246552371778206e-01
-5.573141013959814760e-01
-4.810252267026885464e-01
-5.377994915586038482e-01
-4.928166907910292993e-01
-5.209006148026111838e-01
-4.807638300747948956e-01
-6.114012105384424300e-01
-2.681509048944123119e+00
-2.798596841312867234e+00
-2.546410196126513981e+00
-2.248419101879884252e+00
-2.798469495809644325e+00
-2.866780966317120427e+00
-2.738000810629807269e+00
-2.646450711039378678e+00
-2.603783536556742106e+00
-2.865460097272741535e+00
-2.659151693299826480e+00
-2.397908711758611311e+00
-2.270759540070149018e+00
-2.165633889229204190e+00
-2.581285461304556161e+00
-2.787852702772950497e+00
-2.451148268404834685e+00
-2.280544279496272253e+00
-2.667307220554264724e+00
-2.921935820959046914e+00
-2.598992200048368062e+00
-2.519450389854373196e+00
-2.783095492649306113e+00
-2.650566107519177983e+00
-2.855402455504591597e+00
-2.496356178046811980e+00
-2.814459117806680677e+00
-2.596168690450628258e+00
-2.910641935242492817e+00
-2.400569625356600678e+00
-2.667703226977156561e+00
-2.581462145825693888e+00
-2.526570900087784288e+00
-2.547568201745098460e+00
-3.083474579035208052e+00
-2.568977027931513391e+00
-2.388125352889183262e+00
-2.620359204404556941e+00
-2.838039665795389688e+00
-2.603942653364067716e+00
-2.539479973346640218e+00
-2.701752504526766518e+00
-2.639039179419795822e+00
-2.781833086164866131e+00
-7.125552397247375547e-01
-6.827167998326274523e-01
-7.515992306488388230e-01
-6.811828488235301959e-01
-6.961153339663678219e-01
-7.582116672202978691e-01
-6.847465501063201287e-01
-6.806012781542624124e-01
-6.718675215423943747e-01
-5.976055387730777602e-01
-5.766914949502399690e-01
-5.507265079687787557e-01
-5.754582497057734169e-01
-5.931709782147311927e-01
-6.533825193118338870e-01
-4.991842472580767520e-01
-5.646523822784550450e-01
-6.405298263535894598e-01
-6.545690488323675504e-01
-6.657788941329217947e-01
-6.854406003104239753e-01
-6.125598802569063306e-01
-7.204580685666051032e-01
-7.133043923144606335e-01
-7.249985687516606880e-01
-7.055051144419762776e-01
-5.861274918596587336e-01
-6.775411240042241712e-01
-6.212120097178944755e-01
-6.017062379239934700e-01
-6.631973530860627575e-01
-6.288323661655483843e-01
-7.043497642009574067e-01
-6.048092800929679713e-01
-6.192966531928690843e-01
-5.376944949105265659e-01
-6.239363425110726613e-01
-6.277650284796179037e-01
-7.138067966806622699e-01
-6.259526595124427217e-01
-6.097916225524343536e-01
-6.655791539397817314e-01
-3.030000978408651235e-01
-2.991159720703309155e-01
-2.893107009050374101e-01
-3.076512207608689820e-01
-2.856121491847675720e-01
-2.911146163533824271e-01
-2.583346993928637425e-01
-2.304073485266825427e-01
-2.210606962116398178e-01
-1.795044248808692067e-01
-1.829286637222979628e-01
-1.745203958585321846e-01
-1.759254195940177234e-01
-1.881780793882097680e-01
-1.847586892346756438e-01
-1.954768282715717842e-01
-2.060286782309372344e-01
-2.345870720188399372e-01
-2.666794832846168806e-01
-2.573311915594451160e-01
-3.145657226593180367e-01
-3.043281508780217304e-01
-2.764142518451884745e-01
-2.717530640605888004e-01
-2.747910100235026465e-01
-2.890596132325665701e-01
-2.824124643206707419e-01
-2.458194689484011208e-01
-2.471805608510793950e-01
-2.664300985378622588e-01
-2.696631184776389634e-01
-2.656124975348617134e-01
-2.727561657623977509e-01
-2.535029488403935383e-01
-2.433127783402101452e-01
-2.926389319898735075e-01
-2.787830253382722612e-01
-2.394462787660987524e-01
-2.690814978375444255e-01
-2.597597458284966465e-01
-1.880134065737072868e+00
-1.899278890092864991e+00
-1.749807835430366110e+00
-1.882255982372855074e+00
-1.414752005577181837e+00
-1.829799194722849798e+00
-1.897330284240878129e+00
-1.895895379928270952e+00
-1.626304630258196715e+00
-1.844543546757922314e+00
-1.404926836036729076e+00
-1.533767253117627627e+00
-1.448533039849288828e+00
-1.632837914511028110e+00
-1.393095453486320690e+00
-1.657120841883081397e+00
-1.602024089291240072e+00
-1.373718928719164456e+00
-2.061144811556492762e+00
-1.607612374556439239e+00
-1.853952127510628545e+00
-1.980573842572539878e+00
-1.879078597903625525e+00
-2.121275825118655423e+00
-1.685637561094991188e+00
-1.929502530217857670e+00
-1.860082131702300634e+00
-1.672680460692692384e+00
-1.843832570085234046e+00
-1.893997981921824225e+00
-1.903371798587864649e+00
-1.454998597842689811e+00
-1.873704184120093208e+00
-1.792854115516816949e+00
-1.913121464894745216e+00
-1.796829910993760215e+00
-1.658955710349654167e+00
-1.754393839599293070e+00
-1.614742041018832897e+00
-1.794478560372284592e+00
-1.907176372605753123e+00
-4.210743283404974613e-01
-4.299713234992735278e-01
-4.477206609743630827e-01
-4.161988650935974920e-01
-4.544931440550932233e-01
-3.972308849365677741e-01
-3.955444855101544199e-01
-3.552493363797538106e-01
-3.108754767721610413e-01
-3.032282360099913809e-01
-2.706266930859717035e-01
-2.690708510623624483e-01
-3.058612277538526603e-01
-2.916619741767915164e-01
-3.384097191575740626e-01
-3.273007238774386929e-01
-3.404909247878868950e-01
-4.049700915734609774e-01
-3.468463260249668445e-01
-4.817178481812881552e-01
-4.949554673252308801e-01
-4.727960042176720390e-01
-4.777983595570269859e-01
-4.778252612634723562e-01
-4.247072426674909917e-01
-4.138670077772955147e-01
-4.287812200080301506e-01
-4.883853097734916493e-01
-4.413965275310035019e-01
-4.776143726567307346e-01
-3.980132749620590160e-01
-3.786719950747261532e-01
-4.156121499765605964e-01
-4.883369536198203797e-01
-4.850711273201754881e-01
-4.867208655474933865e-01
-4.720560756895820775e-01
-4.393365732916881816e-01
-1.993145169703345043e-01
-1.839252487241342104e-01
-1.573246629203973179e-01
-1.264484048752001766e-01
-1.242635051639074256e-01
-9.566141224400659393e-02
-7.727283364379017305e-02
-9.115392917933755335e-02
-8.955268184054387959e-02
-1.002801633132907461e-01
-1.013947329265296182e-01
-8.626722314553396387e-02
-9.449840112104777867e-02
-1.004592693975831091e-01
-9.932663815833175924e-02
-1.215914955784389712e-01
-1.423831932909127573e-01
-1.537531971983965295e-01
-1.526570313812534718e-01
-1.889056724465439929e-01
-1.811014889530229155e-01
-1.797792554696765188e-01
-1.802850925988657704e-01
-1.680930046451716842e-01
-1.696139897839508137e-01
-1.700175160628153437e-01
-2.021441784899176142e-01
-2.109448636472930627e-01
-1.756360891948766656e-01
-1.827718198176963571e-01
-1.742829920079702055e-01
-1.729944473308152320e-01
-1.658972452325241653e-01
-1.974260947699815194e-01
-1.716666955520569637e-01
-1.196014230458126937e+00
-1.387610902915761724e+00
-1.416179296258242903e+00
-1.553884163346684888e+00
-1.280286496754566405e+00
-1.407466417039390461e+00
-1.340962560845599949e+00
-1.088724843685905830e+00
-1.054321575764740171e+00
-1.073010852940252002e+00
-1.050829481265691312e+00
-8.927823145416275974e-01
-1.029005049935535432e+00
-8.633093666108986319e-01
-1.158962069023707686e+00
-1.039822220325459234e+00
-1.098668178070106860e+00
-1.356138439526537898e+00
-1.437862408765274491e+00
-1.485039878726803098e+00
-1.448532869740955631e+00
-1.426413445568849969e+00
-1.370050576003021714e+00
-1.222741657110294478e+00
-1.277027763435270025e+00
-1.404932679254152994e+00
-1.251886557632771124e+00
-1.237748106335150755e+00
-1.431347623479730657e+00
-1.294873345637647999e+00
-1.253358529160940149e+00
-1.372931546424176252e+00
-1.256735937200176734e+00
-1.301445916204148734e+00
-1.331945316475326768e+00
-1.322477717226193894e+00
-1.518169981965876270e+00
-1.134570938032474441e+00
-3.094757195262479166e-01
-2.921960322339193228e-01
-2.736701290039055268e-01
-2.226322024640364217e-01
-1.928914392862285387e-01
-1.969643180021501128e-01
-1.842991165538142018e-01
-1.886901369428466979e-01
-1.789216521087381440e-01
-1.866287929167237680e-01
-1.888844816114549352e-01
-1.708483129693771918e-01
-1.731329086452030042e-01
-1.951926574114480339e-01
-2.185185363675467285e-01
-2.180982909028682803e-01
-2.678589661193192528e-01
-2.622469986807723918e-01
-3.366934964956693199e-01
-3.499351855605203343e-01
-3.255859459861524807e-01
-3.568029868696427354e-01
-3.639482421748282959e-01
-3.271614483895767256e-01
-3.827320363799060488e-01
-3.366942832400111052e-01
-3.550544302664984109e-01
-3.230948151768207044e-01
-3.661230505110104061e-01
-3.362623058952264876e-01
-3.498644874010132799e-01
-3.332522584395680165e-01
-3.062226873061695276e-01
-3.802583163822840784e-01
-6.656469283292647254e-02
-6.451536594279627668e-02
-6.903077139571443810e-02
-8.066340537973207270e-02
-7.741840171157057804e-02
-8.784601946905888636e-02
-8.147957831265134621e-02
-7.807617208341233184e-02
-7.767921004594845191e-02
-7.612040956026291938e-02
-7.371046815339230007e-02
-7.462759721447016770e-02
-7.889352036664741552e-02
-6.678419610385258331e-02
-9.015303930739541893e-02
-1.018038626264220065e-01
-1.040177813501212134e-01
-1.224841300107699510e-01
-1.382408680721754768e-01
-1.389535460495996133e-01
-1.439616778926520457e-01
-1.578257243322951919e-01
-1.542833176190310795e-01
-1.419567504637421207e-01
-1.382475435717413492e-01
-1.376881015072981829e-01
-1.433773550099532723e-01
-1.306740708108820592e-01
-1.419069342561346814e-01
-1.355051390789759891e-01
-1.251037549197306697e+00
-1.007537757150965607e+00
-1.046407442669084364e+00
-9.897508000730360633e-01
-9.926686324264460959e-01
-7.552809980000854129e-01
-7.829009310858783266e-01
-6.915476069932129377e-01
-6.384156562407754532e-01
-7.270401913931330284e-01
-7.066188424433498261e-01
-7.103849390081510284e-01
-7.233946473928181131e-01
-7.167655102027267189e-01
-8.714354971927692484e-01
-9.281157915542295189e-01
-9.569975664624131850e-01
-1.079084269314794842e+00
-9.010882022663803115e-01
-1.073053314465409747e+00
-1.187493370968262463e+00
-1.040470384703563012e+00
-1.038442366530410554e+00
-1.110758238456971414e+00
-1.054106408107368109e+00
-9.714598261000121360e-01
-1.011967450632096366e+00
-1.152373679201301071e+00
-1.026420376529898260e+00
-1.176395671827088041e+00
-9.384589333834907343e-01
-1.205995615388270714e+00
-1.061572413628643075e+00
-9.082112817649731218e-01
-1.092678193999814917e+00
-1.847400813632055772e-01
-1.871337987889135912e-01
-1.190010578656014451e-01
-1.468073062219878988e-01
-1.200150575170383649e-01
-1.497308636992696063e-01
-1.684422810685799465e-01
-1.482717159824964159e-01
-1.530232776772002534e-01
-1.479210062203509257e-01
-1.414925084147191370e-01
-1.520661265153786801e-01
-1.574869959641101436e-01
-1.650207392486296720e-01
-1.956166494887104923e-01
-1.929476174385236498e-01
-2.327081477992981873e-01
-2.537266963899343919e-01
-2.961327826916404504e-01
-2.414250487471811812e-01
-2.942826401403013659e-01
-2.943545565336055936e-01
-2.745740722727121330e-01
-2.900971570509903175e-01
-2.017645335663011408e-01
-2.551385826325631712e-01
-2.290479481224961533e-01
-3.037444461065178514e-01
-2.561503072504795475e-01
-2.808474652791638215e-01
-6.465034186974942532e-02
-7.243412802461467181e-02
-7.239556763326765454e-02
-8.021693468607227206e-02
-7.540181964267642090e-02
-8.796155657094503755e-02
-7.191966313265966970e-02
-7.485122412248557122e-02
-7.148394263783622304e-02
-6.372043910907808362e-02
-6.939967627882683010e-02
-5.904448541612387913e-02
-6.680091234919108278e-02
-5.948274024908173363e-02
-6.948509480479807265e-02
-7.655551656050817166e-02
-8.013641239511944125e-02
-9.328328287308396138e-02
-1.126272652386557382e-01
-1.177381291852538092e-01
-1.192734450589363615e-01
-1.181847902284796498e-01
-1.160492589710971079e-01
-1.292230347363763354e-01
-1.158726847198269377e-01
-7.399459895695209566e-01
-7.981098851572592245e-01
-7.426856249559578016e-01
-6.167423123426838405e-01
-5.793182575467388240e-01
-5.660502273129659478e-01
-5.132482041902592940e-01
-5.267281129752767743e-01
-5.619024882594075843e-01
-5.016841402020245644e-01
-5.251814161994032837e-01
-5.021803695354630781e-01
-5.792865929813784120e-01
-6.467076038028432006e-01
-7.026481344105203197e-01
-7.905571995899087767e-01
-7.776830702534467399e-01
-8.584100612453768875e-01
-7.891694069092083375e-01
-9.573806548849017606e-01
-9.835738148788183421e-01
-8.791153663258981510e-01
-9.294700516687334213e-01
-9.748988573144077296e-01
-9.703852677364680490e-01
-8.988665521107485068e-01
-9.852347631429072550e-01
-9.428923042044194958e-01
-8.477659597184488138e-01
-9.404626326029701389e-01
-9.567525386071356053e-01
-9.416882115001409259e-01
-1.356875678602098845e-01
-1.340495161466305207e-01
-1.397418056014912424e-01
-1.192804373667750023e-01
-1.359090204327078888e-01
-1.550494038949835340e-01
-1.619430730074449265e-01
-1.435140687407368554e-01
-1.388093835135718879e-01
-1.385028364140206414e-01
-1.332298799055549876e-01
-1.143394788458491629e-01
-1.419359770430710654e-01
-1.332999857077244443e-01
-1.736187333981496494e-01
-1.679177317544393311e-01
-1.875327321349665177e-01
-2.150938800006707008e-01
-2.004281821356405646e-01
-2.553944625456329720e-01
-2.249139461246894012e-01
-2.827307227496345665e-01
-2.716412584777698758e-01
-2.358042845083899441e-01
-2.384554437671590477e-01
-1.937982394735719704e-01
-6.595686458814974118e-02
-6.445799736801852142e-02
-7.253378304112713393e-02
-7.056259792798590114e-02
-6.653408780524859567e-02
-7.010174869002298859e-02
-6.611956765393652014e-02
-5.961588859872328505e-02
-6.250033740576681207e-02
-5.750886857642138056e-02
-5.887489380994231220e-02
-5.013649601678510370e-02
-4.497967566235149678e-02
-6.063095300634967211e-02
-6.709171708960907921e-02
-7.349907919981076010e-02
-7.335998623785233708e-02
-8.248515531475691942e-02
-8.242224058545241649e-02
-8.186697813053847583e-02
-5.661511501339692165e-01
-4.590241507321580205e-01
-4.598599751033916050e-01
-4.881507066481873824e-01
-4.172131403531681992e-01
-4.359707066363324723e-01
-3.795026778501417453e-01
-4.349550632481483659e-01
-4.671218522872594980e-01
-5.161209237938036987e-01
-4.597235106340873956e-01
-4.877074050269927796e-01
-4.813097012510684225e-01
-5.715693584303165320e-01
-6.208699282448794099e-01
-6.762717751936894173e-01
-7.078039953405924622e-01
-7.215214080678865605e-01
-7.358037442274104611e-01
-8.611172594740421626e-01
-7.619406023824838448e-01
-8.105264903673690124e-01
-7.243758507313023953e-01
-7.610664283364763083e-01
-6.802645324983100927e-01
-7.194308754109816073e-01
-6.845519231292170881e-01
-7.815067772114908662e-01
-7.280311538556007989e-01
-1.302928089764566200e-01
-1.321977139772766707e-01
-1.319125130032741122e-01
-1.255569053981851757e-01
-1.301331812589321124e-01
-1.339266198356798832e-01
-1.293435628274838822e-01
-1.285757909899728491e-01
-1.111146157240130300e-01
-1.236831611165650491e-01
-1.194910888272899402e-01
-1.162401442529754775e-01
-1.088990624079138603e-01
-1.286560993666975294e-01
-1.610938442538881743e-01
-1.538735459087837709e-01
-1.768697273839731909e-01
-1.888532806737539538e-01
-2.020584535741086207e-01
-1.980523322443963619e-01
-2.012407003937795036e-01
-1.931735245801565748e-01
-6.166793657541429913e-02
-7.067789329667899245e-02
-7.375787693507160347e-02
-5.859218675530525333e-02
-5.927894597579263375e-02
-4.739006068003120964e-02
-5.878991473205969626e-02
-5.468450316291473268e-02
-5.139934496318236679e-02
-5.156102848657668353e-02
-4.567028518488266270e-02
-4.912443949538319171e-02
-5.009007234046516238e-02
-4.655851168500410586e-02
-5.091245814987647306e-02
-3.693644720268032255e-01
-4.560493532605758293e-01
-4.313225283814594579e-01
-4.043828011538074807e-01
-4.343381729739715924e-01
-3.599781724416575845e-01
-3.893916327698672686e-01
-3.423333626914856764e-01
-3.437478623602865935e-01
-4.540693426465541305e-01
-4.082984477673426427e-01
-4.330638517628085382e-01
-4.805494786983930955e-01
-6.029365433081377290e-01
-6.002548291088531940e-01
-5.298221587371667596e-01
-7.211128598896683339e-01
-7.090161431226229549e-01
-7.556457373880627326e-01
-6.880463161224075197e-01
-6.658406309906580445e-01
-7.522608617841394230e-01
-7.135441258709834811e-01
-6.925464779389549630e-01
-6.940918934615488700e-01
-6.174387216292515079e-01
-1.320296274997728170e-01
-1.407829762234597826e-01
-1.207455722730654823e-01
-1.354578558407869282e-01
-1.359509779541017149e-01
-1.283538678841064096e-01
-1.140019667691741234e-01
-1.104316796061023537e-01
-1.063379336333908631e-01
-1.148719332771316881e-01
-1.022867890152889120e-01
-1.094103561636026595e-01
-1.225769108807530927e-01
-1.269905844792088012e-01
-1.385113777098116727e-01
-1.276964257567001215e-01
-1.647385517478055228e-01
-1.983244830928171665e-01
-5.804986960437352045e-02
-6.120465417586265500e-02
-5.229491144521433710e-02
-6.400157907562079029e-02
-4.902480303236589343e-02
-5.712587776849470389e-02
-4.874633117877954364e-02
-4.800612269463658266e-02
-4.525470981387234165e-02
-4.096317571023590925e-02
-3.070145777260643860e-01
-3.785089738474299303e-01
-3.283973549330038155e-01
-3.996566960585792305e-01
-3.867747842433157390e-01
-3.575987535546643059e-01
-4.109411687217403575e-01
-3.681924789819161492e-01
-3.277295574544347723e-01
-4.013231440302610364e-01
-4.092755434318074981e-01
-4.229380201184897992e-01
-4.290094093314457124e-01
-5.469095036969716661e-01
-6.169505999690352294e-01
-5.753418803541757720e-01
-5.295216039343978442e-01
-5.080792305143746468e-01
-6.639323789448507984e-01
-7.076669629193462763e-01
-5.683867235396253825e-01
-5.825080127583958101e-01
-5.774684456455708714e-01
-1.140504119435343522e-01
-1.153706334533114997e-01
-1.248713563033773399e-01
-1.123571505843003332e-01
-1.116051126880036187e-01
-1.023627947052371534e-01
-9.664299952956657835e-02
-1.013089889655976877e-01
-1.010333344195528948e-01
-8.365426048366515765e-02
-9.946137288024838041e-02
-9.606572041937934403e-02
-1.071258955146270758e-01
-1.172789783280248355e-01
-5.660934939244127023e-02
-5.335792052472135283e-02
-5.158075763348230619e-02
-4.895326995244269480e-02
-4.569854368944315653e-02
-3.318237235247549766e-01
-3.140497788798651269e-01
-3.772102738360599283e-01
-3.723632923479449075e-01
-3.122290289939391728e-01
-3.254205151798381657e-01
-3.132761151634594343e-01
-3.225863293175484925e-01
-3.134459000971558384e-01
-3.470177288802570592e-01
-3.851234381311035571e-01
-4.089617227647966979e-01
-4.655595348161934988e-01
-4.558051051966708900e-01
-4.640740835078496773e-01
-4.417165675628437760e-01
-5.398360537298078077e-01
-5.349219300686486323e-01
-6.184386641375601013e-01
-5.357947835590524122e-01
-1.110670013983379861e-01
-1.167720249825750928e-01
-1.031697133365520880e-01
-1.058979818492802455e-01
-1.028491635266240850e-01
-9.584875341011427075e-02
-9.253085668906207983e-02
-9.125282630522023319e-02
-8.236637791841650014e-02
-8.648617246635037503e-02
-3.083829550667634423e-01
-3.236604513212684164e-01
-2.831155171714043184e-01
-3.324071370828252658e-01
-3.093104382881922687e-01
-2.886067966230372872e-01
-3.047827979392866427e-01
-3.053827582960123577e-01
-3.162744813382832865e-01
-2.773278351928454843e-01
-3.383412391759957893e-01
-4.101845760658106577e-01
-4.071391631848071402e-01
-3.276170401638498486e-01
-4.029354556530384546e-01
-5.038978631631993998e-01
-5.120969167773578024e-01
-1.042591755075940596e-01
-9.846649610403429564e-02
-8.910634251936011552e-02
-9.833851893477170425e-02
-7.864240983482151393e-02
-9.052602768069417660e-02
-3.503935182925494995e-01
-3.164611935011677479e-01
-2.895551548960993982e-01
-2.890177220457680884e-01
-2.682349511072562032e-01
-2.626379621446667811e-01
-3.083382209089136627e-01
-2.551735425631534437e-01
-3.242107400393186012e-01
-3.411888869672457525e-01
-3.977489563228174263e-01
-3.583678492999947673e-01
-4.211057581546744921e-01
-3.846782281172047568e-01
-1.024500407290643428e-01
-8.392978435493998746e-02
-2.924201462232955406e-01
-3.232587764011503051e-01
-2.848802661332197061e-01
-2.978646497983819530e-01
-2.751517725490019162e-01
-2.762533130685750904e-01
-2.487355907221195928e-01
-3.000555047214660820e-01
-3.267455536291408724e-01
-2.738319264994851232e-01
-3.615630164305944083e-01
-2.608989105685288190e-01
-2.666746946869955059e-01
-2.262653277847683775e-01
-2.469735069614935885e-01
-2.466914725464991187e-01
-2.550823875295226140e-01
-2.806707546887534099e-01
-2.387211444691720030e-01
-2.590129771850094853e-01
-2.294231320863788504e-01
-2.379002423374647901e-01
-2.653437320250162101e-01
-2.337804848392256440e-01
-1.990942231499414627e-01
-2.432950352618883649e-01
