-2.8651
-0.64083
-0.33872
-0.26187
-0.078091
-0.025322
-0.041045
-0.037614
-0.058863
-0.014723
-0.064408
-0.048644
-0.047817
-0.02017
-0.02562
-0.0087232
-0.014749
-0.028723
-0.045765
-0.017242
-1.892
-0.74985
-0.49797
-0.13853
-0.049569
-0.067945
-0.059738
-0.083522
-0.020365
-0.087287
-0.065097
-0.062431
-0.025928
-0.032756
-0.011059
-0.018485
-0.036248
-0.057468
-0.021831
-0.013298
-1.1919
-0.47536
-0.11715
-0.037569
-0.047247
-0.039932
-0.049372
-0.011494
-0.047493
-0.034419
-0.031692
-0.012731
-0.015852
-0.0052804
-0.0086004
-0.016972
-0.026491
-0.010095
-0.0062203
-0.0073466
-1.4916
-0.30213
-0.074138
-0.09199
-0.075199
-0.090765
-0.020555
-0.083509
-0.059177
-0.053805
-0.021517
-0.026264
-0.0086209
-0.013886
-0.026842
-0.041864
-0.015728
-0.0095204
-0.0115
-0.0087647
-1.1686
-0.2953
-0.24704
-0.17032
-0.15902
-0.034731
-0.13694
-0.095644
-0.082749
-0.032465
-0.039499
-0.012998
-0.020503
-0.040907
-0.063366
-0.024371
-0.0149
-0.017141
-0.013105
-0.0063368
-1.6546
-0.88139
-0.49383
-0.39132
-0.081347
-0.31375
-0.21248
-0.17841
-0.068986
-0.082533
-0.027165
-0.042018
-0.082613
-0.12727
-0.048508
-0.029587
-0.034116
-0.025947
-0.012508
-0.0033193
-1.0772
-0.33944
-0.17655
-0.039121
-0.15731
-0.10868
-0.084229
-0.032739
-0.039396
-0.013056
-0.020016
-0.042072
-0.064642
-0.025463
-0.015752
-0.017141
-0.012975
-0.0062114
-0.0016845
-0.0012901
-1.3191
-0.66408
-0.10935
-0.36643
-0.21262
-0.16893
-0.060718
-0.068617
-0.020873
-0.031337
-0.054097
-0.081446
-0.028799
-0.01691
-0.021294
-0.016146
-0.0076748
-0.0018932
-0.0013456
-0.00099872
-2.2255
-0.29381
-0.8831
-0.47304
-0.34892
-0.12124
-0.13443
-0.040531
-0.059201
-0.10432
-0.15572
-0.056263
-0.033481
-0.040207
-0.030418
-0.014475
-0.0035895
-0.0025901
-0.0018862
-0.0024181
-0.49931
-1.1235
-0.52728
-0.41596
-0.14014
-0.1542
-0.044474
-0.065133
-0.10713
-0.15849
-0.055053
-0.032306
-0.040904
-0.030945
-0.014738
-0.0036341
-0.002555
-0.0018782
-0.0023693
-0.0019307
-7.362
-1.9986
-1.2241
-0.37229
-0.38152
-0.1074
-0.1458
-0.2478
-0.35972
-0.12954
-0.077259
-0.089929
-0.067739
-0.032043
-0.0078364
-0.0056642
-0.0040129
-0.0053221
-0.0042376
-0.0067414
-1.2584
-0.65344
-0.17607
-0.16862
-0.04368
-0.055965
-0.088036
-0.1241
-0.043301
-0.025547
-0.03015
-0.022635
-0.010656
-0.0025344
-0.0018077
-0.0012677
-0.0016642
-0.0013071
-0.0021093
-0.00095878
-6.108
-1.3235
-1.1386
-0.28973
-0.34052
-0.52124
-0.71404
-0.24962
-0.14721
-0.16745
-0.12529
-0.058566
-0.013663
-0.0096674
-0.0067742
-0.008909
-0.0070254
-0.011046
-0.0051035
-0.012837
-2.8644
-2.0137
-0.43821
-0.47301
-0.62273
-0.80479
-0.26354
-0.15218
-0.17966
-0.13386
-0.062207
-0.013952
-0.0095807
-0.00667
-0.0085276
-0.0067229
-0.010596
-0.0048118
-0.012262
-0.0049872
-9.2343
-1.3352
-1.0859
-1.121
-1.2821
-0.40202
-0.22878
-0.25713
-0.18983
-0.08707
-0.018639
-0.012622
-0.0086297
-0.011037
-0.0085898
-0.013355
-0.0060913
-0.015244
-0.0061963
-0.010911
-3.044
-1.6406
-1.098
-1.011
-0.3007
-0.16674
-0.16866
-0.12287
-0.055047
-0.011229
-0.0074602
-0.0049188
-0.0063701
-0.0047943
-0.0074966
-0.0033886
-0.0083234
-0.0033554
-0.0058122
-12.167
-2.9233
-2.1372
-0.54688
-0.29299
-0.3099
-0.22387
-0.099687
-0.019153
-0.01215
-0.0080943
-0.010033
-0.0076775
-0.011676
-0.0052935
-0.013007
-0.005219
-0.0090781
-0.0051097
-2.4624
-1.344
-0.32113
-0.16576
-0.1553
-0.11086
-0.048119
-0.0088187
-0.0055247
-0.003575
-0.0044604
-0.0033372
-0.0050368
-0.0022887
-0.005513
-0.0022015
-0.0037583
-0.001995
-0.0011044
-0.0037549
-5.315
-0.95901
-0.46413
-0.41176
-0.28761
-0.12214
-0.021058
-0.012631
-0.0079969
-0.0098241
-0.0073261
-0.010722
-0.0048994
-0.011561
-0.0046002
-0.0077994
-0.0040839
-0.0021782
-0.0075781
-0.010806
-3.0636
-1.3407
-1.2313
-0.84096
-0.35344
-0.056725
-0.032032
-0.01995
-0.023259
-0.017149
-0.025493
-0.011211
-0.027265
-0.010734
-0.018309
-0.0095311
-0.0051307
-0.017843
-0.024152
-0.020572
-8.3205
-3.6916
-2.4924
-0.96385
-0.13537
-0.071926
-0.042521
-0.050795
-0.036047
-0.051934
-0.023323
-0.053687
-0.020993
-0.034859
-0.017991
-0.009533
-0.032526
-0.046308
-0.03828
-0.022643
-6.1032
-3.3093
-1.1872
-0.1292
-0.055062
-0.030435
-0.030966
-0.021618
-0.030883
-0.012842
-0.031152
-0.011889
-0.019987
-0.0099734
-0.0052179
-0.018142
-0.022946
-0.01983
-0.01188
-0.011933
-6.4736
-2.0898
-0.17724
-0.060282
-0.031326
-0.026803
-0.018744
-0.026886
-0.010175
-0.026911
-0.010078
-0.017218
-0.0083845
-0.0043745
-0.015462
-0.016865
-0.015593
-0.0094017
-0.0089984
-0.0165
-10.533
-0.57433
-0.1312
-0.058204
-0.052451
-0.03418
-0.046152
-0.018592
-0.04348
-0.016141
-0.026199
-0.012588
-0.0063874
-0.021591
-0.027252
-0.023141
-0.013631
-0.013744
-0.025664
-0.0090956
-2.544
-0.28943
-0.091305
-0.074586
-0.044491
-0.056561
-0.022517
-0.050002
-0.018194
-0.02873
-0.013515
-0.0067664
-0.02224
-0.028353
-0.02367
-0.013803
-0.013948
-0.025996
-0.0091586
-0.0068443
-1.3393
-0.14399
-0.088364
-0.048039
-0.057435
-0.021217
-0.047616
-0.016772
-0.026157
-0.011806
-0.0057031
-0.018834
-0.021966
-0.018788
-0.010945
-0.010675
-0.019592
-0.0068158
-0.0051068
-0.0022167
-0.5182
-0.202
-0.08184
-0.081852
-0.029388
-0.056794
-0.019027
-0.02763
-0.011861
-0.0053754
-0.016828
-0.020736
-0.016652
-0.009472
-0.0093276
-0.017172
-0.0058756
-0.0043561
-0.0018877
-0.54931
-0.14863
-0.12394
-0.040782
-0.075681
-0.024389
-0.034729
-0.014312
-0.0063331
-0.019667
-0.022504
-0.018294
-0.010442
-0.0098793
-0.018032
-0.0060916
-0.0045328
-0.0020019
-0.32448
-0.185
-0.056439
-0.089782
-0.027517
-0.03723
-0.014866
-0.0063761
-0.018735
-0.022717
-0.017593
-0.0097334
-0.0095297
-0.01732
-0.005835
-0.0042669
-0.0017746
-0.73984
-0.15758
-0.21871
-0.061156
-0.079892
-0.030021
-0.012452
-0.03634
-0.037606
-0.030482
-0.017137
-0.015528
-0.027581
-0.0091136
-0.0067037
-0.0028916
-0.31576
-0.32534
-0.079767
-0.096867
-0.034172
-0.013659
-0.038024
-0.038853
-0.03074
-0.016804
-0.015329
-0.027103
-0.0088826
-0.0064714
-0.0027101
-1.8808
-0.27482
-0.26911
-0.084532
-0.031006
-0.081317
-0.081311
-0.062094
-0.033427
-0.030192
-0.05305
-0.017181
-0.012459
-0.0052785
-0.52782
-0.3277
-0.080141
-0.026113
-0.06325
-0.048832
-0.039765
-0.0215
-0.017618
-0.029825
-0.0094137
-0.0068813
-0.002977
-2.3891
-0.39408
-0.11202
-0.2387
-0.18229
-0.1371
-0.071289
-0.05911
-0.099916
-0.031229
-0.022432
-0.0094859
-0.46587
-0.10211
-0.18074
-0.10838
-0.081463
-0.041504
-0.032173
-0.052692
-0.016075
-0.011515
-0.0048747
-0.65264
-0.75535
-0.38568
-0.24704
-0.11577
-0.088539
-0.14309
-0.042224
-0.029392
-0.01207
-2.1275
-0.57332
-0.29293
-0.12081
-0.083563
-0.12854
-0.035753
-0.024053
-0.009655
-0.83501
-0.32287
-0.11584
-0.074533
-0.11088
-0.029388
-0.019023
-0.0073281
-2.2899
-0.6617
-0.41998
-0.6141
-0.15394
-0.094971
-0.034278
-1.9087
-0.74839
-0.92243
-0.21704
-0.13423
-0.051244
-2.1239
-2.1908
-0.41156
-0.21912
-0.072313
-4.2381
-0.55559
-0.24784
-0.072651
-1.1781
-0.4194
-0.10898
-1.9019
-0.34655
-0.61619
-3.6257
-0.97781
-0.18391
-0.23984
-0.18695
-0.22429
-0.10457
-0.05306
-0.16831
-0.062895
-1.8496
-0.29184
-0.20615
-0.17769
-0.26573
-0.15659
-0.07821
-0.098225
-0.14244
-0.05311
-2.9167
-0.34325
-0.21467
-0.165
-0.23456
-0.13305
-0.06501
-0.08035
-0.11604
-0.043155
-1.2308
-0.20236
-0.23267
-0.16677
-0.19388
-0.08747
-0.0435
-0.13728
-0.051455
-0.041805
-2.3909
-0.25108
-0.25542
-0.16327
-0.17936
-0.076505
-0.036455
-0.11228
-0.041605
-0.03333
-0.53177
-0.25422
-0.17246
-0.2249
-0.11996
-0.056095
-0.066295
-0.094285
-0.034635
-0.02148
-1.8413
-0.58385
-0.30536
-0.37563
-0.19072
-0.087475
-0.10216
-0.14538
-0.05312
-0.032515
-0.70836
-0.49523
-0.27588
-0.29163
-0.11981
-0.056115
-0.17299
-0.064505
-0.05056
-0.013525
-3.0784
-1.2148
-0.56714
-0.56983
-0.22379
-0.10279
-0.31425
-0.11734
-0.090405
-0.023945
-1.7908
-0.66715
-0.75939
-0.36304
-0.16236
-0.18603
-0.26368
-0.095785
-0.05798
-0.00889
-2.7891
-0.68921
-0.79288
-0.3648
-0.16229
-0.18675
-0.2661
-0.096635
-0.057745
-0.008835
-1.4013
-0.59185
-0.58441
-0.22394
-0.10234
-0.31683
-0.11933
-0.090235
-0.02376
-0.00655
-2.5005
-0.67296
-0.57528
-0.20183
-0.085425
-0.24255
-0.086995
-0.067645
-0.0175
-0.00457
-0.9909
-0.84623
-0.3472
-0.14217
-0.14762
-0.20072
-0.07115
-0.043065
-0.00624
-0.00445
-3.2929
-1.935
-0.69975
-0.26443
-0.24865
-0.32227
-0.11179
-0.068675
-0.00943
-0.006575
-1.6518
-1.2032
-0.38512
-0.15191
-0.39548
-0.13535
-0.10802
-0.027615
-0.00683
-0.00669
-2.7958
-1.7636
-0.54957
-0.20913
-0.52495
-0.1768
-0.14229
-0.03638
-0.008895
-0.008735
-3.0035
-1.0255
-0.37324
-0.33518
-0.42516
-0.14668
-0.09046
-0.01233
-0.00857
-0.01026
-11.015
-2.1539
-0.68777
-0.56573
-0.70319
-0.24039
-0.14553
-0.0197
-0.013595
-0.016075
-4.166
-1.0487
-0.36291
-0.87314
-0.29412
-0.22959
-0.05826
-0.01413
-0.01387
-0.014415
-5.1356
-1.0998
-0.35317
-0.82023
-0.27575
-0.21064
-0.053125
-0.012765
-0.01256
-0.01294
-2.4272
-0.70191
-0.53764
-0.65744
-0.22301
-0.13326
-0.017855
-0.01227
-0.014415
-0.014475
-8.2708
-1.6424
-1.0062
-1.1325
-0.37067
-0.21746
-0.027695
-0.018645
-0.02152
-0.02139
-2.8093
-0.73082
-1.4486
-0.46602
-0.34587
-0.085555
-0.01954
-0.018925
-0.019235
-0.021605
-7.3487
-1.5434
-2.6653
-0.81324
-0.60721
-0.14868
-0.032735
-0.031235
-0.03159
-0.03542
-3.8848
-1.9588
-2.0354
-0.64723
-0.38053
-0.0469
-0.0309
-0.035415
-0.035065
-0.028625
-13.037
-3.3056
-2.7568
-0.81879
-0.47379
-0.05487
-0.03491
-0.039335
-0.03844
-0.031065
-3.335
-3.834
-1.0473
-0.76139
-0.1822
-0.037545
-0.034905
-0.034865
-0.038735
-0.03067
-7.1176
-4.5174
-1.0995
-0.73995
-0.17239
-0.033725
-0.03084
-0.030365
-0.033125
-0.025555
-4.9509
-3.0017
-0.82247
-0.45576
-0.050075
-0.031015
-0.03427
-0.033075
-0.026315
-0.01411
-17.862
-4.0032
-0.93947
-0.50255
-0.050135
-0.029485
-0.031685
-0.03007
-0.02346
-0.012535
-7.1715
-1.3087
-0.82651
-0.1855
-0.032725
-0.02894
-0.027885
-0.029915
-0.022885
-0.019785
-8.8658
-1.3279
-0.80105
-0.17614
-0.029405
-0.02558
-0.024335
-0.025945
-0.01997
-0.016615
-4.3537
-0.9247
-0.48333
-0.04581
-0.02623
-0.027785
-0.02613
-0.020215
-0.010645
-0.03141
-7.9554
-1.1986
-0.56988
-0.048155
-0.02591
-0.026475
-0.0243
-0.018375
-0.00937
-0.0276
-1.9113
-0.96705
-0.20053
-0.02977
-0.025005
-0.02301
-0.023915
-0.01765
-0.014695
-0.029685
-5.8243
-2.7728
-0.55387
-0.07268
-0.057515
-0.052375
-0.05415
-0.039695
-0.032795
-0.064495
-3.4463
-1.6052
-0.12253
-0.061065
-0.060675
-0.05495
-0.04142
-0.02093
-0.06042
-0.0472
-14.593
-4.6565
-0.2963
-0.13661
-0.13073
-0.11558
-0.084975
-0.042235
-0.12094
-0.09374
-8.2596
-1.5115
-0.16666
-0.12729
-0.11205
-0.11276
-0.08076
-0.06513
-0.12926
-0.071735
-15.623
-2.4211
-0.20016
-0.13959
-0.11913
-0.11789
-0.082945
-0.065495
-0.12738
-0.070495
-7.9588
-0.39197
-0.15489
-0.14066
-0.12114
-0.087875
-0.04275
-0.12005
-0.092615
-0.10418
-13.07
-0.42193
-0.11958
-0.098225
-0.08112
-0.05924
-0.02797
-0.073435
-0.056645
-0.05999
-3.5855
-0.17722
-0.09821
-0.080825
-0.080075
-0.05564
-0.04323
-0.075175
-0.042225
-0.05285
-13.382
-0.28123
-0.13219
-0.10188
-0.09664
-0.064465
-0.04785
-0.082805
-0.045795
-0.05719
-0.9426
-0.16884
-0.12604
-0.09922
-0.06969
-0.031775
-0.0812
-0.06172
-0.065015
-0.026205
-3.5403
-0.2767
-0.18146
-0.13469
-0.089335
-0.039295
-0.099505
-0.074195
-0.079505
-0.031955
-0.57054
-0.20574
-0.14391
-0.1279
-0.08112
-0.057025
-0.10239
-0.05516
-0.070065
-0.0196
-1.8688
-0.25563
-0.15787
-0.13271
-0.080345
-0.053605
-0.09275
-0.049415
-0.061705
-0.01712
-0.39844
-0.20666
-0.14151
-0.08998
-0.03785
-0.09151
-0.067195
-0.070365
-0.027945
-0.95248
-0.2692
-0.15512
-0.089685
-0.03483
-0.078465
-0.05583
-0.05686
-0.022155
-0.42018
-0.18993
-0.1403
-0.077535
-0.046845
-0.078155
-0.040445
-0.049555
-0.013525
-0.98202
-0.27599
-0.17599
-0.088625
-0.04828
-0.078185
-0.039155
-0.04726
-0.01264
-0.43622
-0.20272
-0.10587
-0.037945
-0.07977
-0.05487
-0.0545
-0.020855
-0.78203
-0.26277
-0.12396
-0.04197
-0.08368
-0.056095
-0.054865
-0.02072
-0.406
-0.21745
-0.10124
-0.05121
-0.08111
-0.03965
-0.04738
-0.01251
-1.139
-0.39732
-0.16211
-0.074005
-0.1084
-0.051945
-0.059955
-0.01561
-0.52262
-0.20583
-0.06379
-0.11551
-0.074885
-0.070115
-0.025915
-1.0175
-0.31774
-0.090405
-0.1509
-0.09507
-0.0857
-0.03116
-0.68491
-0.24094
-0.10056
-0.13766
-0.06484
-0.07278
-0.0188
-2.5618
-0.48501
-0.1641
-0.21292
-0.09586
-0.10637
-0.02691
-0.72071
-0.16351
-0.23963
-0.14299
-0.12589
-0.045035
-1.3999
-0.22195
-0.27487
-0.15668
-0.13092
-0.045965
-0.7618
-0.20182
-0.23186
-0.10283
-0.10965
-0.02756
-3.1919
-0.4405
-0.40775
-0.16963
-0.17061
-0.041765
-0.61254
-0.53337
-0.26947
-0.20683
-0.069925
-1.0747
-0.71068
-0.33105
-0.24428
-0.0812
-0.63406
-0.50897
-0.20413
-0.20017
-0.048305
-1.6918
-0.82246
-0.27807
-0.25449
-0.05792
-1.4311
-0.48535
-0.31701
-0.0992
-3.8451
-0.77588
-0.44434
-0.1314
-1.4984
-0.40873
-0.35011
-0.07517
-2.0223
-0.39455
-0.30479
-0.060005
-0.85142
-0.39788
-0.10816
-3.3854
-1.221
-0.29711
-1.2718
-0.90939
-0.15539
-3.7371
-1.9088
-0.31428
-2.7067
-0.59957
-5.9865
-0.98053
-3.7425
-0.47606
-7.3996
-0.61056
-1.4319
-2.4007
-0.84808
-2.7738
-3.8539
-0.40602
-0.43838
-0.34973
-0.14128
-0.26117
-1.686
-0.48544
-0.39456
-0.60317
-0.37601
-0.49022
-0.15853
-0.25397
-0.11599
-0.27557
-0.14896
-0.20923
-3.1931
-0.60602
-0.43024
-0.28355
-0.14612
-0.20291
-0.92776
-0.45137
-0.52589
-0.54346
-0.49527
-0.36764
-0.14107
-0.25388
-0.091221
-0.16036
-0.24724
-0.11192
-2.3831
-0.65176
-0.6264
-0.17558
-0.25964
-0.11692
-1.0787
-0.63475
-0.42487
-0.97065
-0.52459
-0.31711
-0.15471
-0.21283
-0.077036
-0.15177
-0.26674
-0.094245
-3.9844
-1.3142
-0.8067
-0.2739
-0.47179
-0.1648
-2.601
-1.04
-0.58739
-1.5179
-1.2183
-0.32062
-0.45974
-0.20555
-0.077281
-0.27558
-0.3755
-0.13388
-3.9346
-1.1817
-0.64206
-0.30147
-0.41433
-0.14572
-1.8871
-1.3721
-0.3495
-1.4921
-0.89798
-0.29764
-0.51953
-0.18088
-0.036991
-0.50398
-0.22707
-0.083961
-3.6176
-1.8064
-0.41504
-0.54639
-0.2378
-0.088567
-2.3045
-1.1303
-0.3457
-1.6036
-0.78622
-0.33347
-0.43912
-0.15433
-0.015809
-0.55549
-0.1901
-0.038546
-4.9164
-1.6117
-0.42762
-0.6126
-0.20425
-0.040804
-2.6435
-1.0595
-0.38539
-2.8028
-0.53195
-0.61294
-0.25519
-0.095144
-0.014012
-0.47856
-0.16657
-0.016204
-4.4856
-1.613
-0.52639
-0.61827
-0.21667
-0.020402
-4.5215
-0.7857
-0.81693
-2.4677
-0.61874
-0.80063
-0.26239
-0.052518
-0.015748
-0.32483
-0.12347
-0.017328
-14.373
-1.498
-1.4042
-0.55488
-0.20543
-0.028738
-5.6297
-1.1339
-1.3755
-3.2936
-0.92124
-1.0583
-0.36146
-0.033663
-0.031368
-0.44304
-0.087168
-0.02608
-6.7708
-1.1679
-1.3138
-0.41771
-0.08153
-0.024047
-3.6921
-0.90578
-1.0072
-1.5898
-1.3532
-0.5241
-0.19297
-0.026579
-0.024987
-0.34
-0.031219
-0.028875
-11.572
-1.842
-1.8748
-0.60594
-0.053283
-0.048439
-4.0111
-2.603
-0.96208
-2.6754
-2.4806
-0.75433
-0.14274
-0.040603
-0.052359
-0.34161
-0.045167
-0.04169
-8.4742
-3.7516
-1.2608
-0.44447
-0.054943
-0.049777
-4.9735
-3.4398
-0.98671
-2.8752
-2.5301
-0.79219
-0.065995
-0.058011
-0.0498
-0.18305
-0.048957
-0.062275
-16.374
-5.9894
-1.5842
-0.2867
-0.073019
-0.091495
-6.2373
-4.2578
-1.2651
-6.9754
-2.0512
-0.70474
-0.082571
-0.073458
-0.086179
-0.10035
-0.085935
-0.072927
-10.884
-4.6257
-1.2605
-0.093856
-0.077672
-0.064809
-9.1633
-2.1246
-0.69702
-6.9148
-1.6036
-0.27868
-0.066437
-0.081722
-0.053995
-0.075989
-0.065995
-0.076203
-24.538
-2.679
-0.83013
-0.081538
-0.068507
-0.077199
-10.842
-1.9654
-0.32406
-6.3812
-1.518
-0.10325
-0.08118
-0.066263
-0.047448
-0.070297
-0.083994
-0.054507
-12.151
-1.7201
-0.26808
-0.053436
-0.062172
-0.039436
-6.3024
-1.2981
-0.081189
-2.431
-0.70149
-0.062824
-0.051117
-0.056344
-0.034678
-0.060987
-0.048705
-0.034254
-11.58
-1.7745
-0.099335
-0.070266
-0.054705
-0.037551
-3.634
-0.94394
-0.074473
-2.4261
-0.35039
-0.062455
-0.070186
-0.043899
-0.055601
-0.058333
-0.062825
-0.037712
-8.1153
-1.8529
-0.1194
-0.087507
-0.091809
-0.053305
-5.0105
-0.66134
-0.096924
-3.563
-0.16846
-0.10674
-0.080337
-0.05393
-0.10365
-0.10412
-0.063075
-0.078069
-19.12
-1.7741
-0.21507
-0.22043
-0.12909
-0.15634
-10.417
-0.40081
-0.23274
-5.2821
-0.27143
-0.18829
-0.1901
-0.10666
-0.18952
-0.16849
-0.10954
-0.20717
-20.206
-0.57396
-0.28836
-0.20333
-0.13066
-0.24067
-9.488
-0.35745
-0.23063
-2.9897
-0.27298
-0.26807
-0.15447
-0.18207
-0.1742
-0.22913
-0.12605
-0.21876
-16.986
-0.40076
-0.23271
-0.22715
-0.12184
-0.20374
-4.8784
-0.28957
-0.26811
-0.73383
-0.2951
-0.20132
-0.12774
-0.22609
-0.17378
-0.1516
-0.17153
-0.16248
-14.955
-0.30492
-0.24728
-0.13265
-0.13835
-0.12814
-1.2478
-0.2889
-0.1814
-0.47705
-0.22021
-0.20327
-0.10227
-0.16045
-0.12256
-0.11044
-0.18079
-0.13438
-3.9602
-0.38121
-0.21634
-0.12429
-0.19423
-0.142
-0.81676
-0.27845
-0.23714
-0.43224
-0.30161
-0.15129
-0.14947
-0.13598
-0.11063
-0.11148
-0.17164
-0.12927
-2.2768
-0.34951
-0.2737
-0.11968
-0.18157
-0.13517
-0.63622
-0.3639
-0.17035
-0.50258
-0.25493
-0.13807
-0.20597
-0.14836
-0.051996
-0.15929
-0.14236
-0.11536
-1.2931
-0.42377
-0.17398
-0.14708
-0.12734
-0.10117
-0.73545
-0.28177
-0.13771
-0.44337
-0.2913
-0.11318
-0.16444
-0.11898
-0.18821
-0.13121
-0.045237
-1.3817
-0.33198
-0.14417
-0.17439
-0.11581
-0.038904
-0.63327
-0.32912
-0.11105
-0.53492
-0.18697
-0.13824
-0.11457
-0.08779
-0.14979
-0.10384
-1.0722
-0.39308
-0.11462
-0.14816
-0.099343
-0.73997
-0.21175
-0.13944
-0.11099
-0.41998
-0.1589
-0.17388
-0.11117
-0.03668
-0.08367
-1.6881
-0.32444
-0.18302
-0.13868
-0.099664
-0.75244
-0.23643
-0.22404
-0.13539
-0.64946
-0.15943
-0.18647
-0.1193
-0.04325
-1.3325
-0.3258
-0.2712
-0.15629
-0.048686
-1.0168
-0.20491
-0.22151
-0.13655
-0.46158
-0.22518
-0.16287
-0.11344
-3.2886
-0.36194
-0.34821
-0.20444
-1.0111
-0.37086
-0.25158
-0.16875
-0.65186
-0.4368
-0.23645
-0.07176
-1.776
-0.42283
-0.26742
-0.17151
-0.96414
-0.48431
-0.24529
-0.07235
-0.45265
-0.37311
-0.20914
-3.715
-0.93518
-0.41654
-0.11738
-1.1128
-0.67705
-0.3484
-0.86557
-0.47196
-0.28282
-1.6649
-0.7317
-0.34893
-1.0638
-0.50138
-0.28042
-1.0809
-0.42622
-0.11492
-2.721
-0.8735
-0.44921
-2.3192
-0.70498
-0.17934
-1.3692
-0.56658
-4.7592
-0.80745
-0.18566
-1.9657
-0.62405
-1.1026
-0.48396
-3.0035
-0.73725
-1.4589
-0.56267
-0.98121
-0.20877
-4.3761
-1.2124
-2.332
-0.40835
-1.6538
-5.5795
-0.7412
-3.2968
-2.2984
-7.8131
-4.9652
-1.3877
-9.1456
-1.979
-3.2886
