-5.296903375740308562e+00
-5.460008389463461675e+00
-5.209125683150618080e+00
-5.190175566427980947e+00
-5.300357429087562799e+00
-5.269000886804485972e+00
-5.287813502306859981e+00
-4.984532276520631910e+00
-5.446628924162195240e+00
-5.456323495572932281e+00
-5.295943762167114599e+00
-5.268587146532405896e+00
-5.216229675076126782e+00
-5.327225936732346234e+00
-5.321106846962860182e+00
-5.348782959208141286e+00
-5.077465794737302751e+00
-5.272075927205571944e+00
-5.120460205646037544e+00
-5.235889820499331826e+00
-5.085330118509840958e+00
-5.104943971333887553e+00
-4.931883210535581874e+00
-5.418520587641426189e+00
-5.298957443920527588e+00
-5.382163587656046744e+00
-5.070473720215932900e+00
-5.456509392601622821e+00
-5.105320759172916389e+00
-5.085350433010297877e+00
-5.180348382195076873e+00
-5.366248762733415667e+00
-5.220633864699060211e+00
-5.166898636919968979e+00
-5.046511157328968267e+00
-5.229061511463261702e+00
-4.886231609525964359e+00
-5.199186046463895039e+00
-5.262866616450684987e+00
-5.306769388900839601e+00
-5.369913299740963986e+00
-5.375267204057111670e+00
-5.141789270407038259e+00
-5.204599668883103547e+00
-5.073864587280704441e+00
-5.456328399084912739e+00
-5.225629288045174015e+00
-1.306390889391020549e+00
-1.392166879569740390e+00
-1.354993398650013781e+00
-1.348636596349225503e+00
-1.261827889994922236e+00
-1.375941690016744268e+00
-1.248189404887589005e+00
-1.378404467998121330e+00
-1.251365616494312771e+00
-1.333575580335027544e+00
-1.355719566146560862e+00
-1.378514658529456538e+00
-1.355797056866493655e+00
-1.322808152447069840e+00
-1.361251553669596381e+00
-1.385808785356645867e+00
-1.351117413433175596e+00
-1.353383245891451647e+00
-1.315576160408914452e+00
-1.329964968406817993e+00
-1.292973758890310298e+00
-1.355673841400068191e+00
-1.326291783669528934e+00
-1.391126758178385270e+00
-1.333057113169320518e+00
-1.373676628965908142e+00
-1.349600062754090057e+00
-1.366235193788406521e+00
-1.322379087405569198e+00
-1.390170850246895018e+00
-1.347103093070854740e+00
-1.323834017247168315e+00
-1.298098363285713930e+00
-1.296215046352304778e+00
-1.257703022084575961e+00
-1.279695268204469327e+00
-1.294389842117342315e+00
-1.314947784676623099e+00
-1.310395520894606758e+00
-1.218110673231425301e+00
-1.390956085433781020e+00
-1.393090171469147709e+00
-1.275562973031987068e+00
-1.315627430351589133e+00
-1.255806307841242253e+00
-1.359224791944718236e+00
-5.320163827205839358e-01
-5.401047508745707715e-01
-5.401473652398673941e-01
-5.165247836031183759e-01
-5.083542640960749814e-01
-5.272016421215006687e-01
-5.393098563598577311e-01
-5.443432783305517386e-01
-5.482162478418998175e-01
-5.351962615938783419e-01
-5.133006407826030681e-01
-5.586130803331881278e-01
-5.068431291932177229e-01
-5.224178447036499362e-01
-4.943701191596509559e-01
-5.269325022606583531e-01
-4.886747166917055907e-01
-5.098447173433668933e-01
-5.214955506328688983e-01
-5.208095071972080881e-01
-5.379586820517576751e-01
-5.357684972157380487e-01
-5.285338217355519674e-01
-5.325392842430206608e-01
-5.420322284812215674e-01
-5.274533641794522110e-01
-5.270261211191660244e-01
-5.348772628043598765e-01
-5.292195087368467554e-01
-5.326458312427725383e-01
-5.277337379770774550e-01
-5.148619354304725393e-01
-5.656785958958975291e-01
-5.361347585439525387e-01
-5.235647298028297536e-01
-5.003171375557006195e-01
-5.167875505765313626e-01
-5.272238485298432753e-01
-5.057317105437419968e-01
-5.386428808792396161e-01
-5.184378945783021386e-01
-5.290201600035162599e-01
-5.291767829547042723e-01
-5.086631570227213572e-01
-5.151193493356783781e-01
-2.596956195296749925e+00
-2.568295500084801564e+00
-2.686618872779145129e+00
-2.622420149667324285e+00
-2.743068105582010752e+00
-2.734071998868697673e+00
-2.664106582006994017e+00
-2.627008728083750633e+00
-2.618314928842952582e+00
-2.625677594000998205e+00
-2.693105424400501491e+00
-2.553585358688270190e+00
-2.560756269444316668e+00
-2.607991922167678389e+00
-2.597301181427900119e+00
-2.522141679622391219e+00
-2.567218109993788300e+00
-2.644698199153302731e+00
-2.670111033527830635e+00
-2.544864150451243034e+00
-2.631157067553005824e+00
-2.709580182600283660e+00
-2.772480452459284539e+00
-2.626082023030739343e+00
-2.654415752957706598e+00
-2.730145152256832297e+00
-2.649690321832353757e+00
-2.591042720627989127e+00
-2.704247119953616441e+00
-2.769610050775697552e+00
-2.682308727272360027e+00
-2.738424268942030615e+00
-2.560881953602737404e+00
-2.687816399542052537e+00
-2.620393925770079679e+00
-2.594411213393266191e+00
-2.650148563436548255e+00
-2.786760877284240490e+00
-2.524690929441663290e+00
-2.702664007671509605e+00
-2.606967789266234625e+00
-2.710286428544080639e+00
-2.662065747719957631e+00
-2.636250766827139547e+00
-6.662432045187739460e-01
-6.683481146237483239e-01
-7.017176880583497756e-01
-7.090586239790606093e-01
-6.629393569267498787e-01
-6.730172114347107160e-01
-7.019949241354085379e-01
-6.681946551717269367e-01
-6.764446461581613557e-01
-6.226500323280952376e-01
-5.843775713311637476e-01
-5.532790749116663909e-01
-5.537182883610127782e-01
-5.498678285037235103e-01
-5.456707618205918209e-01
-5.740280327263229676e-01
-5.699347634845631783e-01
-6.023291787464218894e-01
-6.448055393567737603e-01
-6.913741116106846274e-01
-7.312143357066140936e-01
-7.004401497125404275e-01
-6.833652910993787133e-01
-6.748157989795032785e-01
-6.761891987448916952e-01
-6.587341749999626739e-01
-6.939351334846660668e-01
-6.824975885493257399e-01
-6.765571805476289224e-01
-6.263267273617174613e-01
-6.673279942122979369e-01
-6.546608709778007906e-01
-7.156389775684576238e-01
-6.722352066358785461e-01
-6.766942180686135178e-01
-6.444523721426571594e-01
-6.722491021085345020e-01
-6.732773335606319076e-01
-6.647572230480472966e-01
-6.800093051077066297e-01
-7.155556441771013798e-01
-6.407633497190169392e-01
-2.705405595096851412e-01
-2.822182677568692566e-01
-2.665998472957931131e-01
-2.753924903040566030e-01
-2.925030220129736236e-01
-2.729813144863990071e-01
-2.567968876285358082e-01
-2.144710746719378502e-01
-2.143336877281843134e-01
-1.874146752580513053e-01
-1.745823052813664511e-01
-1.745061805526022525e-01
-1.892022621627946766e-01
-1.675444833695055036e-01
-1.796904487743188061e-01
-1.854528164523261691e-01
-2.131928209847763211e-01
-2.223105655108180700e-01
-2.518610156087078833e-01
-2.622760801091236216e-01
-2.707647193322780255e-01
-2.709418391263967441e-01
-2.705142165771369234e-01
-2.665094021043349914e-01
-2.667656954818716786e-01
-2.742063355010653791e-01
-2.645886157213854228e-01
-2.645496327482201315e-01
-2.814786148302987900e-01
-2.612260161647948498e-01
-2.682900842591048329e-01
-2.770276628512346462e-01
-2.691213534394779616e-01
-2.799559701276378987e-01
-2.615583580605502778e-01
-2.653527979387344526e-01
-2.701083501114949215e-01
-2.672076985908562463e-01
-2.742192756257574304e-01
-2.565300094291950161e-01
-1.864040741841552995e+00
-1.791305492654345244e+00
-1.789979074814524118e+00
-1.809935211864921456e+00
-1.791177761731235218e+00
-1.849301077389280845e+00
-1.833070850230395621e+00
-1.799972253813932443e+00
-1.677107109332372836e+00
-1.628573169734318871e+00
-1.564755625138491757e+00
-1.531680495184710500e+00
-1.492621557834543866e+00
-1.683197675451303388e+00
-1.547233966321475584e+00
-1.591241110791273616e+00
-1.646635515440123321e+00
-1.737084929088285490e+00
-1.793297452146432658e+00
-1.765322355848751412e+00
-1.809735529681079091e+00
-1.780937614422052784e+00
-1.791618899682952293e+00
-1.796418349200482156e+00
-1.801526476901747387e+00
-1.728268122555399522e+00
-1.764879617551115665e+00
-1.705935332017403994e+00
-1.613134340571718006e+00
-1.774705366996883527e+00
-1.763681051077079509e+00
-1.783786802229532897e+00
-1.758926054128528982e+00
-1.846042306812610612e+00
-1.804159093493174604e+00
-1.815989885840541884e+00
-1.657802175617118623e+00
-1.765511931386165134e+00
-1.679788793554964021e+00
-1.794298388017597112e+00
-1.808527663833099153e+00
-4.534156377273362848e-01
-4.528993291203913252e-01
-4.339988407744116428e-01
-4.409650796881938173e-01
-4.315606695315348795e-01
-4.044974816444413812e-01
-3.710455103361895990e-01
-3.283057183985384486e-01
-3.114101609825046246e-01
-2.871305179278518804e-01
-2.650553497342520437e-01
-2.676552601144766563e-01
-2.849850032423507096e-01
-2.777136462049819565e-01
-3.001684245624990921e-01
-3.271024256896996607e-01
-3.461806048191461427e-01
-4.056777696789387599e-01
-4.256017876352461982e-01
-4.636802523365780582e-01
-4.592340566847366579e-01
-4.773835708636550157e-01
-4.808503802997624033e-01
-4.437462309651100112e-01
-4.615217553045221077e-01
-4.299756047095422695e-01
-4.501607118166469634e-01
-4.571882880184768294e-01
-4.536211925505169162e-01
-4.292918799570185073e-01
-4.355214277562731717e-01
-4.356047604303863174e-01
-4.408658916659412563e-01
-4.294845809832961714e-01
-4.402589862996487136e-01
-4.644705802350259094e-01
-4.403084329625484017e-01
-4.408833015586507420e-01
-1.677744810148469601e-01
-1.665181798406754621e-01
-1.496843785764497559e-01
-1.366890191641788599e-01
-1.116838793766193050e-01
-9.949779593879859441e-02
-9.569084871463798270e-02
-9.236762193422891343e-02
-9.894844347633673098e-02
-9.352106133999317505e-02
-9.504302556046549666e-02
-9.666641964243447016e-02
-9.232684068754985762e-02
-1.012258332560859037e-01
-1.052398517223065849e-01
-1.138334829627061229e-01
-1.346369429503125326e-01
-1.466148441456762708e-01
-1.634998057872616983e-01
-1.841750388740243660e-01
-1.862744595442034357e-01
-1.854431684840218419e-01
-1.777145302575353913e-01
-1.727723896140241355e-01
-1.751447373735634805e-01
-1.819381106332641773e-01
-1.834169651462605743e-01
-1.845336413424709110e-01
-1.760293469215618856e-01
-1.755752396959586459e-01
-1.886595042055148053e-01
-1.761791076639169784e-01
-1.846042654630318802e-01
-1.704967609721313448e-01
-1.786350959356352019e-01
-1.378117593210224978e+00
-1.406188337009058653e+00
-1.351162162300794556e+00
-1.359282759322616885e+00
-1.366904215648342191e+00
-1.275731331099657417e+00
-1.196262530021321435e+00
-1.116290708672327270e+00
-1.049341179069769758e+00
-9.901750155908470852e-01
-9.690403906201062734e-01
-9.639673755414759349e-01
-9.268315902179689036e-01
-1.049263589013039288e+00
-1.033963545390622851e+00
-1.086487064150960524e+00
-1.210812195058136531e+00
-1.224754323357859498e+00
-1.379392779546211534e+00
-1.396453683019868608e+00
-1.362654906498997454e+00
-1.388004268975745914e+00
-1.408382431507912091e+00
-1.381368840306826717e+00
-1.394907501129935889e+00
-1.415076189920111194e+00
-1.313342798872955575e+00
-1.328823629638251402e+00
-1.321912048606960655e+00
-1.340609400177996235e+00
-1.313808288070103858e+00
-1.288555448307362017e+00
-1.360275038060016373e+00
-1.341558886002985007e+00
-1.359074074437661928e+00
-1.328360206474329175e+00
-1.364228946692624067e+00
-1.344989480384731984e+00
-3.374977847460234326e-01
-2.806463038754031802e-01
-2.765779452562937002e-01
-2.283513351284688353e-01
-2.173301257725290536e-01
-1.968989665168006109e-01
-1.868906491285184657e-01
-1.879887120527695410e-01
-1.936518374176684765e-01
-1.753743628188466075e-01
-1.731911791652748778e-01
-1.762724302473152316e-01
-1.876328483685633375e-01
-2.020947793651918789e-01
-2.099865489807459240e-01
-2.343174879551140344e-01
-2.786518271561633786e-01
-3.327892828124323632e-01
-3.221037758355465019e-01
-3.482525180660074882e-01
-3.553408805719358021e-01
-3.258879048953187141e-01
-3.397996739673975752e-01
-3.446454408046716322e-01
-3.343228129319100739e-01
-3.379244852933045440e-01
-3.484245563191581407e-01
-3.570481608541828944e-01
-3.288068105513124451e-01
-3.413098462234133157e-01
-3.266748480208601646e-01
-3.345868942345993080e-01
-3.354560387789123910e-01
-3.289438484790108697e-01
-7.914485019878045313e-02
-6.946918995536909003e-02
-7.225663842591166508e-02
-7.487768905512519335e-02
-7.777046123000122546e-02
-7.925372060440057098e-02
-7.826288958905643078e-02
-8.337423623580576815e-02
-8.464176311037847900e-02
-8.070523812667529384e-02
-7.880817812418672297e-02
-7.546567399801933085e-02
-6.808878687955878528e-02
-7.179020571332922485e-02
-8.089880681881400637e-02
-8.931229855529233819e-02
-1.016976747673317416e-01
-1.209880064259980376e-01
-1.369999318168989844e-01
-1.361264253961516901e-01
-1.500967617561628220e-01
-1.433338074503844040e-01
-1.395786253415238487e-01
-1.406360732159280258e-01
-1.437394487660850484e-01
-1.458158567065317990e-01
-1.383371634205554646e-01
-1.314682370984017745e-01
-1.398081273401814706e-01
-1.351354065248271952e-01
-1.094045677793966664e+00
-1.106245776325293972e+00
-9.988160964066002956e-01
-9.611670913546909167e-01
-8.864130953305437988e-01
-7.933096606943998985e-01
-7.749438464060912635e-01
-7.296699930775949472e-01
-7.169327886620923129e-01
-6.763528520685244683e-01
-6.691879723534850388e-01
-6.899141012410048290e-01
-7.206380245677851404e-01
-7.829216446448009625e-01
-8.089320187986780430e-01
-9.404486654663757328e-01
-9.926192985346192765e-01
-9.827501156061358989e-01
-1.126244466524737309e+00
-1.117608593737251965e+00
-1.149051490779017914e+00
-1.086051065889444223e+00
-1.074942625447654398e+00
-1.049434457689405242e+00
-1.078006080651272791e+00
-1.052220953408098181e+00
-1.071983931123819067e+00
-1.050571929994101206e+00
-1.120778629319674868e+00
-1.069627931550596767e+00
-1.081784810899536931e+00
-1.068907566094602801e+00
-1.090231944515577700e+00
-1.089829685167760909e+00
-1.052268478988527933e+00
-1.736965634287297444e-01
-1.638807969873930792e-01
-1.546833727345423293e-01
-1.445566730124011046e-01
-1.523639325121841914e-01
-1.514909360848993025e-01
-1.564938130316759768e-01
-1.660761057809798658e-01
-1.622642923964748574e-01
-1.521420603178153530e-01
-1.511098921845624166e-01
-1.498391645581345633e-01
-1.531923229598857739e-01
-1.580304686637115374e-01
-1.730805627307782091e-01
-1.929389041866517163e-01
-2.261282642410988863e-01
-2.461723327622035162e-01
-2.630915261844870567e-01
-2.803349890337082928e-01
-2.870321908258161581e-01
-2.905980031808836350e-01
-2.919178499796619697e-01
-2.734400997832980296e-01
-2.895016467534711757e-01
-2.662150961464381793e-01
-2.784991097436551599e-01
-2.666585418187576439e-01
-2.722830049510178152e-01
-2.812951925866428726e-01
-6.994375983530701224e-02
-7.115164081246751204e-02
-7.324246088687982881e-02
-7.752814468004272375e-02
-7.273808548052740353e-02
-7.432032320144360549e-02
-7.522106484255737524e-02
-7.409734595552834591e-02
-7.498019628999061381e-02
-6.908921279247583203e-02
-6.706234720653464487e-02
-5.923670587534385357e-02
-5.912329706752969538e-02
-6.314231351417992633e-02
-6.670710451072829617e-02
-7.684451260207429690e-02
-8.447056861317550625e-02
-1.003368786930457918e-01
-1.104486272266780172e-01
-1.084833993573615374e-01
-1.177962870448060057e-01
-1.191373389857217358e-01
-1.131862817504771801e-01
-1.133118974626916853e-01
-1.074148916498519069e-01
-8.323048534116606056e-01
-7.864090887479517900e-01
-7.003328414016939396e-01
-6.415907733270316271e-01
-5.864969877709917956e-01
-5.531104781467824916e-01
-5.318976835348808718e-01
-5.182957914209099792e-01
-5.140132195547317817e-01
-4.934194112150030453e-01
-5.296215689363605872e-01
-5.596968505363706381e-01
-5.718199807539621204e-01
-6.636973448002840836e-01
-7.147057713917560617e-01
-7.261557349324667676e-01
-8.167249423634749261e-01
-8.639867651665151804e-01
-8.822560861629900053e-01
-9.139215969648787352e-01
-9.368699755257128281e-01
-9.215130031976098701e-01
-9.228213882252402911e-01
-9.241617722556768610e-01
-8.505637368992838843e-01
-8.742365996840524289e-01
-8.880214171656904965e-01
-8.874747168547016951e-01
-8.955782875259977738e-01
-8.401439201397058465e-01
-8.816912656895277145e-01
-9.077143636310851527e-01
-1.319395799827794702e-01
-1.306899652231220121e-01
-1.438352349107488437e-01
-1.405216998865714828e-01
-1.429731885626489285e-01
-1.479970436503977860e-01
-1.474571448694191877e-01
-1.384919328105043701e-01
-1.397782389918828250e-01
-1.295651488683935149e-01
-1.314170523964296733e-01
-1.327242866824943079e-01
-1.318897466009410768e-01
-1.400780581830876059e-01
-1.535754758179358470e-01
-1.860699584527134576e-01
-2.031478404391535431e-01
-2.149494394631646932e-01
-2.151459234313169155e-01
-2.376213136710265961e-01
-2.370699430711799838e-01
-2.382275120263495083e-01
-2.353022494307704104e-01
-2.338412315958945387e-01
-2.301114911455041934e-01
-2.185677093783112146e-01
-7.041294551117635581e-02
-7.043701882392970626e-02
-6.822016061015054311e-02
-7.056568120911602127e-02
-6.615077985745687617e-02
-7.148965899109613331e-02
-6.857866690485074634e-02
-6.833604603377739506e-02
-6.420527398844567968e-02
-5.917097022300679687e-02
-5.599174041958089598e-02
-5.087828635197069738e-02
-5.141897266885368800e-02
-5.530895744668753999e-02
-6.126569653344716287e-02
-6.709730447649207841e-02
-7.901205124662807888e-02
-8.708704597213444421e-02
-9.054031390587616301e-02
-9.424046988569552419e-02
-5.795398799211785024e-01
-5.269933259929525660e-01
-4.888021315140447243e-01
-4.807670508253518160e-01
-4.436543974105771615e-01
-4.406407212897928694e-01
-4.406781521700228743e-01
-4.186209084345796638e-01
-4.286816941952418247e-01
-4.167532428684963541e-01
-4.525359079009636520e-01
-4.777374471253421073e-01
-5.254385222250378407e-01
-5.841823738917650832e-01
-6.296976190617569191e-01
-6.968783484739282663e-01
-7.252819953764667593e-01
-7.667913836202940869e-01
-7.776318316846100309e-01
-7.949990449118105040e-01
-7.847551965949747244e-01
-8.289892618506140565e-01
-8.140451941051844997e-01
-7.872922226503340504e-01
-7.948610913164440017e-01
-7.629286211500356796e-01
-7.583619455280102839e-01
-7.128690525006444734e-01
-7.295827698643199133e-01
-1.299060947980004710e-01
-1.385574381222129670e-01
-1.341252798447223615e-01
-1.390029313596695959e-01
-1.304868228930580465e-01
-1.330932935937478578e-01
-1.293341039207744070e-01
-1.263582347413296503e-01
-1.179344742278448238e-01
-1.131712262057227719e-01
-1.136505371198813508e-01
-1.188505174831297750e-01
-1.114489266044608184e-01
-1.306292868186377520e-01
-1.510465885219152982e-01
-1.707416952759970574e-01
-1.705272476904323431e-01
-1.837109968087654588e-01
-1.927249322446928925e-01
-1.992289309165677924e-01
-2.072953517250002431e-01
-2.170095598959393413e-01
-6.292866689042862782e-02
-6.272043078880336353e-02
-6.041675165498137240e-02
-6.273809675549002485e-02
-6.348932029839628177e-02
-6.023922159627430328e-02
-6.018123149891697193e-02
-5.481021528115734981e-02
-5.438315961779995739e-02
-4.847845560132488241e-02
-4.448780041339141234e-02
-4.283567602843180860e-02
-4.702648921069802618e-02
-4.828988248503322117e-02
-5.283921560319877753e-02
-4.266583246339977209e-01
-3.989627718692650982e-01
-3.720023717770245542e-01
-3.954496153442101369e-01
-3.934641546046520055e-01
-3.998769458381359332e-01
-3.849694387287169173e-01
-3.801805823505312598e-01
-3.886128260663608835e-01
-4.039986580171148756e-01
-4.210519295213306923e-01
-4.565748191405751277e-01
-4.680037069942660222e-01
-5.093552652261621461e-01
-5.717241609014319659e-01
-6.279795054073447069e-01
-6.727315806545108856e-01
-6.738727055718987113e-01
-6.967710346665254573e-01
-6.885157218972675075e-01
-6.856525494407904597e-01
-7.068048258721651989e-01
-7.033057668426347941e-01
-7.147881482206863701e-01
-6.607963038405192391e-01
-6.701856655106425142e-01
-1.285444973431023319e-01
-1.280966823721133296e-01
-1.252953047958868804e-01
-1.243096462199408531e-01
-1.254909068410022532e-01
-1.153903708617387142e-01
-1.176338654326723604e-01
-1.163925140359218097e-01
-1.013641847507283922e-01
-9.964752665393693254e-02
-9.901233486147828500e-02
-1.044906903822633293e-01
-1.166790383223710037e-01
-1.235982020219411198e-01
-1.370817886854443779e-01
-1.482282543222961657e-01
-1.575001967493510346e-01
-1.741319774218227645e-01
-5.731204046730414836e-02
-5.799285271969269878e-02
-5.593131129113355221e-02
-5.941823650126003969e-02
-5.499989160073606026e-02
-5.624473852564518261e-02
-4.999167206160769900e-02
-4.819354006635845344e-02
-4.362516750192869941e-02
-4.278501426627496357e-02
-3.594960258606841874e-01
-3.772396777298464565e-01
-3.644284645508743536e-01
-3.599611856846281488e-01
-3.720477661958597748e-01
-3.502916621852072976e-01
-3.614704294321388067e-01
-3.489102520974858290e-01
-3.519928077814045153e-01
-3.792390957862956102e-01
-3.810522459075625923e-01
-4.038679038098588192e-01
-4.469743581574230351e-01
-4.806127437393254431e-01
-4.949573851153691861e-01
-5.897171927375549627e-01
-5.827464058286577764e-01
-5.949927936914933824e-01
-5.992773366493854281e-01
-6.080690100323469238e-01
-6.180311220716193654e-01
-6.077913143103125249e-01
-5.957781847885764703e-01
-1.123839138547958194e-01
-1.137325935663521387e-01
-1.211127634648970497e-01
-1.175655113625063974e-01
-1.146633760425526533e-01
-1.059448621290474818e-01
-1.024947823522486673e-01
-9.558251793561439724e-02
-9.572520254041982923e-02
-9.294817127888777009e-02
-9.564940996611943913e-02
-9.696145400328612385e-02
-1.085173634059118097e-01
-1.177618778095030488e-01
-5.206769487673604258e-02
-5.614909235999157588e-02
-5.066471023547918645e-02
-4.834181183760100781e-02
-4.911327853237439089e-02
-3.258275797268413987e-01
-3.454902937280287523e-01
-3.514412853533148695e-01
-3.428533944926285271e-01
-3.479558154442259355e-01
-3.307755429785998458e-01
-3.318227382948351067e-01
-3.411368410988943056e-01
-3.130603569016421894e-01
-3.445313970409253912e-01
-3.766692168446179600e-01
-4.078538533404434396e-01
-4.190816865523872004e-01
-4.746421660664669195e-01
-4.817174596857793922e-01
-4.842362543016237586e-01
-5.403998643708757266e-01
-5.411666294313949299e-01
-5.534353109366358936e-01
-5.426435638601768696e-01
-1.074438032049761654e-01
-1.064348515748533147e-01
-1.134121217521464192e-01
-1.110136645078217132e-01
-1.010489949490601391e-01
-9.584688071089000894e-02
-9.043336623688043308e-02
-8.799595497037666914e-02
-8.365758600789810484e-02
-8.637438074230938123e-02
-3.436096280124242286e-01
-3.425440457759762469e-01
-3.241697110890723321e-01
-3.173569714901648409e-01
-3.166188527018107268e-01
-3.246829823253021829e-01
-2.973829528245302001e-01
-2.998175498241983927e-01
-3.117032676047321038e-01
-3.416141530274401372e-01
-3.721535478668012153e-01
-3.826226198283244617e-01
-4.248667942838204037e-01
-4.292797557829185484e-01
-4.737475910554039271e-01
-4.505289498729824760e-01
-4.776145930707752507e-01
-1.007801473854934293e-01
-1.005874600113743078e-01
-1.010584042084453904e-01
-9.313481611034203633e-02
-9.010402860004436409e-02
-8.705425108264853995e-02
-3.008335750653010621e-01
-3.203137611516957972e-01
-2.946192223038854863e-01
-3.091840700023617550e-01
-2.901158648317261890e-01
-2.920047581704177664e-01
-2.909293353230837376e-01
-2.850857370945975577e-01
-3.167104694249121000e-01
-3.376745194769029679e-01
-3.454706315145192885e-01
-3.871000422060091317e-01
-3.887684435029826191e-01
-4.055030280422209366e-01
-9.302374188023578017e-02
-9.173171251359803213e-02
-2.922014105271258932e-01
-2.897419364476461201e-01
-2.803910714295909656e-01
-2.646297755992459422e-01
-2.697127637944316536e-01
-2.671207643890710637e-01
-2.760734025187212004e-01
-2.810354409052460145e-01
-2.877599769299746812e-01
-3.227217219134238535e-01
-3.316701316269626831e-01
-3.044781970856612063e-01
-2.794573793704000497e-01
-2.736918412539910972e-01
-2.553402103952361335e-01
-2.463910476857789633e-01
-2.441339275201570846e-01
-2.661259048191204624e-01
-2.889876978593676204e-01
-2.568996544397039727e-01
-2.658292080902082133e-01
-2.472806007784668636e-01
-2.350449620310593457e-01
-2.507583314378629136e-01
-2.450304403871947645e-01
-2.301581122001504776e-01
