905
1	3	4	1	2
2	4	5	2	3
3	5	6	3	4
4	6	7	4	5
5	7	8	5	6
6	8	9	6	7
7	9	10	7	8
8	10	11	8	9
9	11	12	9	10
10	12	13	10	11
11	13	14	11	12
12	14	15	12	13
13	15	16	13	14
14	16	17	14	15
15	17	18	15	16
16	18	19	16	17
17	19	20	17	18
18	20	21	18	19
19	21	22	19	20
20	22	23	20	21
21	23	24	21	22
22	24	25	22	23
23	25	26	23	24
24	26	27	24	25
25	27	28	25	26
26	28	29	26	27
27	29	30	27	28
28	30	31	28	29
29	31	32	29	30
30	32	33	30	31
31	33	34	31	32
32	34	35	32	33
33	35	36	33	34
34	36	37	34	35
35	37	38	35	36
36	38	39	36	37
37	39	40	37	38
38	40	41	38	39
39	41	42	39	40
40	42	43	40	41
41	43	44	41	42
42	44	45	42	43
43	45	46	43	44
44	46	47	44	45
45	47	48	45	46
46	48	49	46	47
47	49	50	47	48
48	4	5	1	2
49	5	6	2	3
50	6	7	3	4
51	7	8	4	5
52	8	9	5	6
53	9	10	6	7
54	10	11	7	8
55	11	12	8	9
56	12	13	9	10
57	13	14	10	11
58	14	15	11	12
59	15	16	12	13
60	16	17	13	14
61	17	18	14	15
62	18	19	15	16
63	19	20	16	17
64	20	21	17	18
65	21	22	18	19
66	22	23	19	20
67	23	24	20	21
68	24	25	21	22
69	25	26	22	23
70	26	27	23	24
71	27	28	24	25
72	28	29	25	26
73	29	30	26	27
74	30	31	27	28
75	31	32	28	29
76	32	33	29	30
77	33	34	30	31
78	34	35	31	32
79	35	36	32	33
80	36	37	33	34
81	37	38	34	35
82	38	39	35	36
83	39	40	36	37
84	40	41	37	38
85	41	42	38	39
86	42	43	39	40
87	43	44	40	41
88	44	45	41	42
89	45	46	42	43
90	46	47	43	44
91	47	48	44	45
92	48	49	45	46
93	49	50	46	47
94	5	6	1	2
95	6	7	2	3
96	7	8	3	4
97	8	9	4	5
98	9	10	5	6
99	10	11	6	7
100	11	12	7	8
101	12	13	8	9
102	13	14	9	10
103	14	15	10	11
104	15	16	11	12
105	16	17	12	13
106	17	18	13	14
107	18	19	14	15
108	19	20	15	16
109	20	21	16	17
110	21	22	17	18
111	22	23	18	19
112	23	24	19	20
113	24	25	20	21
114	25	26	21	22
115	26	27	22	23
116	27	28	23	24
117	28	29	24	25
118	29	30	25	26
119	30	31	26	27
120	31	32	27	28
121	32	33	28	29
122	33	34	29	30
123	34	35	30	31
124	35	36	31	32
125	36	37	32	33
126	37	38	33	34
127	38	39	34	35
128	39	40	35	36
129	40	41	36	37
130	41	42	37	38
131	42	43	38	39
132	43	44	39	40
133	44	45	40	41
134	45	46	41	42
135	46	47	42	43
136	47	48	43	44
137	48	49	44	45
138	49	50	45	46
139	5	7	1	3
140	6	8	2	4
141	7	9	3	5
142	8	10	4	6
143	9	11	5	7
144	10	12	6	8
145	11	13	7	9
146	12	14	8	10
147	13	15	9	11
148	14	16	10	12
149	15	17	11	13
150	16	18	12	14
151	17	19	13	15
152	18	20	14	16
153	19	21	15	17
154	20	22	16	18
155	21	23	17	19
156	22	24	18	20
157	23	25	19	21
158	24	26	20	22
159	25	27	21	23
160	26	28	22	24
161	27	29	23	25
162	28	30	24	26
163	29	31	25	27
164	30	32	26	28
165	31	33	27	29
166	32	34	28	30
167	33	35	29	31
168	34	36	30	32
169	35	37	31	33
170	36	38	32	34
171	37	39	33	35
172	38	40	34	36
173	39	41	35	37
174	40	42	36	38
175	41	43	37	39
176	42	44	38	40
177	43	45	39	41
178	44	46	40	42
179	45	47	41	43
180	46	48	42	44
181	47	49	43	45
182	48	50	44	46
183	7	9	1	3
184	8	10	2	4
185	9	11	3	5
186	10	12	4	6
187	11	13	5	7
188	12	14	6	8
189	13	15	7	9
190	14	16	8	10
191	15	17	9	11
192	16	18	10	12
193	17	19	11	13
194	18	20	12	14
195	19	21	13	15
196	20	22	14	16
197	21	23	15	17
198	22	24	16	18
199	23	25	17	19
200	24	26	18	20
201	25	27	19	21
202	26	28	20	22
203	27	29	21	23
204	28	30	22	24
205	29	31	23	25
206	30	32	24	26
207	31	33	25	27
208	32	34	26	28
209	33	35	27	29
210	34	36	28	30
211	35	37	29	31
212	36	38	30	32
213	37	39	31	33
214	38	40	32	34
215	39	41	33	35
216	40	42	34	36
217	41	43	35	37
218	42	44	36	38
219	43	45	37	39
220	44	46	38	40
221	45	47	39	41
222	46	48	40	42
223	47	49	41	43
224	48	50	42	44
225	9	11	1	3
226	10	12	2	4
227	11	13	3	5
228	12	14	4	6
229	13	15	5	7
230	14	16	6	8
231	15	17	7	9
232	16	18	8	10
233	17	19	9	11
234	18	20	10	12
235	19	21	11	13
236	20	22	12	14
237	21	23	13	15
238	22	24	14	16
239	23	25	15	17
240	24	26	16	18
241	25	27	17	19
242	26	28	18	20
243	27	29	19	21
244	28	30	20	22
245	29	31	21	23
246	30	32	22	24
247	31	33	23	25
248	32	34	24	26
249	33	35	25	27
250	34	36	26	28
251	35	37	27	29
252	36	38	28	30
253	37	39	29	31
254	38	40	30	32
255	39	41	31	33
256	40	42	32	34
257	41	43	33	35
258	42	44	34	36
259	43	45	35	37
260	44	46	36	38
261	45	47	37	39
262	46	48	38	40
263	47	49	39	41
264	48	50	40	42
265	7	10	1	4
266	8	11	2	5
267	9	12	3	6
268	10	13	4	7
269	11	14	5	8
270	12	15	6	9
271	13	16	7	10
272	14	17	8	11
273	15	18	9	12
274	16	19	10	13
275	17	20	11	14
276	18	21	12	15
277	19	22	13	16
278	20	23	14	17
279	21	24	15	18
280	22	25	16	19
281	23	26	17	20
282	24	27	18	21
283	25	28	19	22
284	26	29	20	23
285	27	30	21	24
286	28	31	22	25
287	29	32	23	26
288	30	33	24	27
289	31	34	25	28
290	32	35	26	29
291	33	36	27	30
292	34	37	28	31
293	35	38	29	32
294	36	39	30	33
295	37	40	31	34
296	38	41	32	35
297	39	42	33	36
298	40	43	34	37
299	41	44	35	38
300	42	45	36	39
301	43	46	37	40
302	44	47	38	41
303	45	48	39	42
304	46	49	40	43
305	47	50	41	44
306	10	13	1	4
307	11	14	2	5
308	12	15	3	6
309	13	16	4	7
310	14	17	5	8
311	15	18	6	9
312	16	19	7	10
313	17	20	8	11
314	18	21	9	12
315	19	22	10	13
316	20	23	11	14
317	21	24	12	15
318	22	25	13	16
319	23	26	14	17
320	24	27	15	18
321	25	28	16	19
322	26	29	17	20
323	27	30	18	21
324	28	31	19	22
325	29	32	20	23
326	30	33	21	24
327	31	34	22	25
328	32	35	23	26
329	33	36	24	27
330	34	37	25	28
331	35	38	26	29
332	36	39	27	30
333	37	40	28	31
334	38	41	29	32
335	39	42	30	33
336	40	43	31	34
337	41	44	32	35
338	42	45	33	36
339	43	46	34	37
340	44	47	35	38
341	45	48	36	39
342	46	49	37	40
343	47	50	38	41
344	13	16	1	4
345	14	17	2	5
346	15	18	3	6
347	16	19	4	7
348	17	20	5	8
349	18	21	6	9
350	19	22	7	10
351	20	23	8	11
352	21	24	9	12
353	22	25	10	13
354	23	26	11	14
355	24	27	12	15
356	25	28	13	16
357	26	29	14	17
358	27	30	15	18
359	28	31	16	19
360	29	32	17	20
361	30	33	18	21
362	31	34	19	22
363	32	35	20	23
364	33	36	21	24
365	34	37	22	25
366	35	38	23	26
367	36	39	24	27
368	37	40	25	28
369	38	41	26	29
370	39	42	27	30
371	40	43	28	31
372	41	44	29	32
373	42	45	30	33
374	43	46	31	34
375	44	47	32	35
376	45	48	33	36
377	46	49	34	37
378	47	50	35	38
379	9	13	1	5
380	10	14	2	6
381	11	15	3	7
382	12	16	4	8
383	13	17	5	9
384	14	18	6	10
385	15	19	7	11
386	16	20	8	12
387	17	21	9	13
388	18	22	10	14
389	19	23	11	15
390	20	24	12	16
391	21	25	13	17
392	22	26	14	18
393	23	27	15	19
394	24	28	16	20
395	25	29	17	21
396	26	30	18	22
397	27	31	19	23
398	28	32	20	24
399	29	33	21	25
400	30	34	22	26
401	31	35	23	27
402	32	36	24	28
403	33	37	25	29
404	34	38	26	30
405	35	39	27	31
406	36	40	28	32
407	37	41	29	33
408	38	42	30	34
409	39	43	31	35
410	40	44	32	36
411	41	45	33	37
412	42	46	34	38
413	43	47	35	39
414	44	48	36	40
415	45	49	37	41
416	46	50	38	42
417	13	17	1	5
418	14	18	2	6
419	15	19	3	7
420	16	20	4	8
421	17	21	5	9
422	18	22	6	10
423	19	23	7	11
424	20	24	8	12
425	21	25	9	13
426	22	26	10	14
427	23	27	11	15
428	24	28	12	16
429	25	29	13	17
430	26	30	14	18
431	27	31	15	19
432	28	32	16	20
433	29	33	17	21
434	30	34	18	22
435	31	35	19	23
436	32	36	20	24
437	33	37	21	25
438	34	38	22	26
439	35	39	23	27
440	36	40	24	28
441	37	41	25	29
442	38	42	26	30
443	39	43	27	31
444	40	44	28	32
445	41	45	29	33
446	42	46	30	34
447	43	47	31	35
448	44	48	32	36
449	45	49	33	37
450	46	50	34	38
451	17	21	1	5
452	18	22	2	6
453	19	23	3	7
454	20	24	4	8
455	21	25	5	9
456	22	26	6	10
457	23	27	7	11
458	24	28	8	12
459	25	29	9	13
460	26	30	10	14
461	27	31	11	15
462	28	32	12	16
463	29	33	13	17
464	30	34	14	18
465	31	35	15	19
466	32	36	16	20
467	33	37	17	21
468	34	38	18	22
469	35	39	19	23
470	36	40	20	24
471	37	41	21	25
472	38	42	22	26
473	39	43	23	27
474	40	44	24	28
475	41	45	25	29
476	42	46	26	30
477	43	47	27	31
478	44	48	28	32
479	45	49	29	33
480	46	50	30	34
481	11	16	1	6
482	12	17	2	7
483	13	18	3	8
484	14	19	4	9
485	15	20	5	10
486	16	21	6	11
487	17	22	7	12
488	18	23	8	13
489	19	24	9	14
490	20	25	10	15
491	21	26	11	16
492	22	27	12	17
493	23	28	13	18
494	24	29	14	19
495	25	30	15	20
496	26	31	16	21
497	27	32	17	22
498	28	33	18	23
499	29	34	19	24
500	30	35	20	25
501	31	36	21	26
502	32	37	22	27
503	33	38	23	28
504	34	39	24	29
505	35	40	25	30
506	36	41	26	31
507	37	42	27	32
508	38	43	28	33
509	39	44	29	34
510	40	45	30	35
511	41	46	31	36
512	42	47	32	37
513	43	48	33	38
514	44	49	34	39
515	45	50	35	40
516	16	21	1	6
517	17	22	2	7
518	18	23	3	8
519	19	24	4	9
520	20	25	5	10
521	21	26	6	11
522	22	27	7	12
523	23	28	8	13
524	24	29	9	14
525	25	30	10	15
526	26	31	11	16
527	27	32	12	17
528	28	33	13	18
529	29	34	14	19
530	30	35	15	20
531	31	36	16	21
532	32	37	17	22
533	33	38	18	23
534	34	39	19	24
535	35	40	20	25
536	36	41	21	26
537	37	42	22	27
538	38	43	23	28
539	39	44	24	29
540	40	45	25	30
541	41	46	26	31
542	42	47	27	32
543	43	48	28	33
544	44	49	29	34
545	45	50	30	35
546	21	26	1	6
547	22	27	2	7
548	23	28	3	8
549	24	29	4	9
550	25	30	5	10
551	26	31	6	11
552	27	32	7	12
553	28	33	8	13
554	29	34	9	14
555	30	35	10	15
556	31	36	11	16
557	32	37	12	17
558	33	38	13	18
559	34	39	14	19
560	35	40	15	20
561	36	41	16	21
562	37	42	17	22
563	38	43	18	23
564	39	44	19	24
565	40	45	20	25
566	41	46	21	26
567	42	47	22	27
568	43	48	23	28
569	44	49	24	29
570	45	50	25	30
571	13	19	1	7
572	14	20	2	8
573	15	21	3	9
574	16	22	4	10
575	17	23	5	11
576	18	24	6	12
577	19	25	7	13
578	20	26	8	14
579	21	27	9	15
580	22	28	10	16
581	23	29	11	17
582	24	30	12	18
583	25	31	13	19
584	26	32	14	20
585	27	33	15	21
586	28	34	16	22
587	29	35	17	23
588	30	36	18	24
589	31	37	19	25
590	32	38	20	26
591	33	39	21	27
592	34	40	22	28
593	35	41	23	29
594	36	42	24	30
595	37	43	25	31
596	38	44	26	32
597	39	45	27	33
598	40	46	28	34
599	41	47	29	35
600	42	48	30	36
601	43	49	31	37
602	44	50	32	38
603	19	25	1	7
604	20	26	2	8
605	21	27	3	9
606	22	28	4	10
607	23	29	5	11
608	24	30	6	12
609	25	31	7	13
610	26	32	8	14
611	27	33	9	15
612	28	34	10	16
613	29	35	11	17
614	30	36	12	18
615	31	37	13	19
616	32	38	14	20
617	33	39	15	21
618	34	40	16	22
619	35	41	17	23
620	36	42	18	24
621	37	43	19	25
622	38	44	20	26
623	39	45	21	27
624	40	46	22	28
625	41	47	23	29
626	42	48	24	30
627	43	49	25	31
628	44	50	26	32
629	25	31	1	7
630	26	32	2	8
631	27	33	3	9
632	28	34	4	10
633	29	35	5	11
634	30	36	6	12
635	31	37	7	13
636	32	38	8	14
637	33	39	9	15
638	34	40	10	16
639	35	41	11	17
640	36	42	12	18
641	37	43	13	19
642	38	44	14	20
643	39	45	15	21
644	40	46	16	22
645	41	47	17	23
646	42	48	18	24
647	43	49	19	25
648	44	50	20	26
649	15	22	1	8
650	16	23	2	9
651	17	24	3	10
652	18	25	4	11
653	19	26	5	12
654	20	27	6	13
655	21	28	7	14
656	22	29	8	15
657	23	30	9	16
658	24	31	10	17
659	25	32	11	18
660	26	33	12	19
661	27	34	13	20
662	28	35	14	21
663	29	36	15	22
664	30	37	16	23
665	31	38	17	24
666	32	39	18	25
667	33	40	19	26
668	34	41	20	27
669	35	42	21	28
670	36	43	22	29
671	37	44	23	30
672	38	45	24	31
673	39	46	25	32
674	40	47	26	33
675	41	48	27	34
676	42	49	28	35
677	43	50	29	36
678	22	29	1	8
679	23	30	2	9
680	24	31	3	10
681	25	32	4	11
682	26	33	5	12
683	27	34	6	13
684	28	35	7	14
685	29	36	8	15
686	30	37	9	16
687	31	38	10	17
688	32	39	11	18
689	33	40	12	19
690	34	41	13	20
691	35	42	14	21
692	36	43	15	22
693	37	44	16	23
694	38	45	17	24
695	39	46	18	25
696	40	47	19	26
697	41	48	20	27
698	42	49	21	28
699	43	50	22	29
700	29	36	1	8
701	30	37	2	9
702	31	38	3	10
703	32	39	4	11
704	33	40	5	12
705	34	41	6	13
706	35	42	7	14
707	36	43	8	15
708	37	44	9	16
709	38	45	10	17
710	39	46	11	18
711	40	47	12	19
712	41	48	13	20
713	42	49	14	21
714	43	50	15	22
715	17	25	1	9
716	18	26	2	10
717	19	27	3	11
718	20	28	4	12
719	21	29	5	13
720	22	30	6	14
721	23	31	7	15
722	24	32	8	16
723	25	33	9	17
724	26	34	10	18
725	27	35	11	19
726	28	36	12	20
727	29	37	13	21
728	30	38	14	22
729	31	39	15	23
730	32	40	16	24
731	33	41	17	25
732	34	42	18	26
733	35	43	19	27
734	36	44	20	28
735	37	45	21	29
736	38	46	22	30
737	39	47	23	31
738	40	48	24	32
739	41	49	25	33
740	42	50	26	34
741	25	33	1	9
742	26	34	2	10
743	27	35	3	11
744	28	36	4	12
745	29	37	5	13
746	30	38	6	14
747	31	39	7	15
748	32	40	8	16
749	33	41	9	17
750	34	42	10	18
751	35	43	11	19
752	36	44	12	20
753	37	45	13	21
754	38	46	14	22
755	39	47	15	23
756	40	48	16	24
757	41	49	17	25
758	42	50	18	26
759	33	41	1	9
760	34	42	2	10
761	35	43	3	11
762	36	44	4	12
763	37	45	5	13
764	38	46	6	14
765	39	47	7	15
766	40	48	8	16
767	41	49	9	17
768	42	50	10	18
769	19	28	1	10
770	20	29	2	11
771	21	30	3	12
772	22	31	4	13
773	23	32	5	14
774	24	33	6	15
775	25	34	7	16
776	26	35	8	17
777	27	36	9	18
778	28	37	10	19
779	29	38	11	20
780	30	39	12	21
781	31	40	13	22
782	32	41	14	23
783	33	42	15	24
784	34	43	16	25
785	35	44	17	26
786	36	45	18	27
787	37	46	19	28
788	38	47	20	29
789	39	48	21	30
790	40	49	22	31
791	41	50	23	32
792	28	37	1	10
793	29	38	2	11
794	30	39	3	12
795	31	40	4	13
796	32	41	5	14
797	33	42	6	15
798	34	43	7	16
799	35	44	8	17
800	36	45	9	18
801	37	46	10	19
802	38	47	11	20
803	39	48	12	21
804	40	49	13	22
805	41	50	14	23
806	37	46	1	10
807	38	47	2	11
808	39	48	3	12
809	40	49	4	13
810	41	50	5	14
811	21	31	1	11
812	22	32	2	12
813	23	33	3	13
814	24	34	4	14
815	25	35	5	15
816	26	36	6	16
817	27	37	7	17
818	28	38	8	18
819	29	39	9	19
820	30	40	10	20
821	31	41	11	21
822	32	42	12	22
823	33	43	13	23
824	34	44	14	24
825	35	45	15	25
826	36	46	16	26
827	37	47	17	27
828	38	48	18	28
829	39	49	19	29
830	40	50	20	30
831	31	41	1	11
832	32	42	2	12
833	33	43	3	13
834	34	44	4	14
835	35	45	5	15
836	36	46	6	16
837	37	47	7	17
838	38	48	8	18
839	39	49	9	19
840	40	50	10	20
841	23	34	1	12
842	24	35	2	13
843	25	36	3	14
844	26	37	4	15
845	27	38	5	16
846	28	39	6	17
847	29	40	7	18
848	30	41	8	19
849	31	42	9	20
850	32	43	10	21
851	33	44	11	22
852	34	45	12	23
853	35	46	13	24
854	36	47	14	25
855	37	48	15	26
856	38	49	16	27
857	39	50	17	28
858	34	45	1	12
859	35	46	2	13
860	36	47	3	14
861	37	48	4	15
862	38	49	5	16
863	39	50	6	17
864	25	37	1	13
865	26	38	2	14
866	27	39	3	15
867	28	40	4	16
868	29	41	5	17
869	30	42	6	18
870	31	43	7	19
871	32	44	8	20
872	33	45	9	21
873	34	46	10	22
874	35	47	11	23
875	36	48	12	24
876	37	49	13	25
877	38	50	14	26
878	37	49	1	13
879	38	50	2	14
880	27	40	1	14
881	28	41	2	15
882	29	42	3	16
883	30	43	4	17
884	31	44	5	18
885	32	45	6	19
886	33	46	7	20
887	34	47	8	21
888	35	48	9	22
889	36	49	10	23
890	37	50	11	24
891	29	43	1	15
892	30	44	2	16
893	31	45	3	17
894	32	46	4	18
895	33	47	5	19
896	34	48	6	20
897	35	49	7	21
898	36	50	8	22
899	31	46	1	16
900	32	47	2	17
901	33	48	3	18
902	34	49	4	19
903	35	50	5	20
904	33	49	1	17
905	34	50	2	18
