-5.284591566693394249e+00
-5.241249453433973748e+00
-5.277636528408732985e+00
-5.237527053910858932e+00
-5.226447737970536522e+00
-5.265632313728347391e+00
-5.223156673163417807e+00
-5.250288614170950829e+00
-5.271208472569083980e+00
-5.324769782840703236e+00
-5.246949741232847408e+00
-5.303174379385181325e+00
-5.216585373693004790e+00
-5.274944368444585585e+00
-5.301121845704974689e+00
-5.287690593979135656e+00
-5.320111663727434603e+00
-5.277711166218868044e+00
-5.262966993820323403e+00
-5.277515095031170667e+00
-5.250788605850004842e+00
-5.286661139688185074e+00
-5.274471869820312797e+00
-5.221437501747746346e+00
-5.245810878952812395e+00
-5.261196213641186503e+00
-5.226011413280601481e+00
-5.228635154585218991e+00
-5.252902392440115698e+00
-5.229263785620967830e+00
-5.275203140186689232e+00
-5.290608870202307301e+00
-5.214281409814914170e+00
-5.302233232588549505e+00
-5.270520465152603862e+00
-5.217184645849802571e+00
-5.191938598161877749e+00
-5.276126142235078476e+00
-5.261402030420159193e+00
-5.247211795009658175e+00
-5.247329931427373140e+00
-5.254455232765876893e+00
-5.238893849723034180e+00
-5.236218993197194749e+00
-5.266411494806289006e+00
-5.271876949111746313e+00
-5.265286505203304657e+00
-1.313651470509670460e+00
-1.321801162523390083e+00
-1.315299037483647959e+00
-1.316589324846323406e+00
-1.319701770753359149e+00
-1.327352615865439178e+00
-1.332648345755286234e+00
-1.325413365818980616e+00
-1.339217284563884336e+00
-1.342219721646009445e+00
-1.354413554300274214e+00
-1.332650480176205798e+00
-1.311837176033657348e+00
-1.325787891971271781e+00
-1.315372161724646993e+00
-1.332112378190565938e+00
-1.327181206459109974e+00
-1.324090464578156601e+00
-1.319236085115569113e+00
-1.326226594519242630e+00
-1.330262544027505101e+00
-1.344525323896012869e+00
-1.331745431749706388e+00
-1.334430070780047162e+00
-1.333079588021670148e+00
-1.322248719994936872e+00
-1.329185848464485620e+00
-1.320555278628829265e+00
-1.319911672235797750e+00
-1.321470168719158789e+00
-1.327477963535485195e+00
-1.314821112497782662e+00
-1.317430010185281830e+00
-1.320130507931290609e+00
-1.325629233605298163e+00
-1.318063456731338290e+00
-1.316269445525255710e+00
-1.320140155152200956e+00
-1.313976304474917756e+00
-1.327806377923865799e+00
-1.319840877626032638e+00
-1.319023988031858829e+00
-1.322476565636663048e+00
-1.331843586244257693e+00
-1.317449884406546534e+00
-1.317588679946007924e+00
-5.323697307255829125e-01
-5.335091487240309904e-01
-5.339508799371056602e-01
-5.321640713024919922e-01
-5.297759735739794307e-01
-5.277959920264125859e-01
-5.359938845854557155e-01
-5.400552635715746286e-01
-5.443777114924125415e-01
-5.421146256807061192e-01
-5.355993464808689319e-01
-5.248475248588596598e-01
-5.184824543093886628e-01
-5.145966598900906241e-01
-5.136468764405035525e-01
-5.185107379968343366e-01
-5.121777808775603846e-01
-5.165123573260063106e-01
-5.219124795597550603e-01
-5.317544906646842762e-01
-5.436085318308675474e-01
-5.418534285269188677e-01
-5.349960691263376811e-01
-5.373996673783765221e-01
-5.332128673470099001e-01
-5.284729801633777369e-01
-5.329023736845279746e-01
-5.368254804726806384e-01
-5.304713325096317433e-01
-5.311612337715101440e-01
-5.312725270258045196e-01
-5.299116020022787144e-01
-5.279145000013193423e-01
-5.235443333651093045e-01
-5.359607820359870711e-01
-5.325839458434130647e-01
-5.257776155610123237e-01
-5.305816889852714713e-01
-5.289929640300570224e-01
-5.305362578588310729e-01
-5.288894026464370235e-01
-5.245842260508684074e-01
-5.296156190001313213e-01
-5.264526066839566587e-01
-5.268757698837511771e-01
-2.639192114518567056e+00
-2.642593967675652245e+00
-2.648641388378568884e+00
-2.638451833489518172e+00
-2.648835045996884130e+00
-2.664817517696019600e+00
-2.688410173552545857e+00
-2.695069849193139078e+00
-2.691152906084565810e+00
-2.688302667018550363e+00
-2.650454705291348301e+00
-2.597717085519221314e+00
-2.572599561874854945e+00
-2.594251383089967611e+00
-2.613448292502559944e+00
-2.589396617416810376e+00
-2.608943145594012414e+00
-2.611501055127474658e+00
-2.627614216241199507e+00
-2.658719391506831897e+00
-2.686895278429970890e+00
-2.680517183931232950e+00
-2.688785176861798298e+00
-2.649633125963010816e+00
-2.670507418541205880e+00
-2.654718172365802431e+00
-2.655368497868411559e+00
-2.627705217125601678e+00
-2.639182853754960867e+00
-2.665414108392531567e+00
-2.650341658634286723e+00
-2.619748582576498119e+00
-2.655190591883306972e+00
-2.661942004129094652e+00
-2.642517458727908775e+00
-2.617523401431733010e+00
-2.635661533503528275e+00
-2.640357242898019319e+00
-2.662912225855771808e+00
-2.637073902865009423e+00
-2.643433402217190142e+00
-2.642128955172400762e+00
-2.630371512576622273e+00
-2.645303174648550470e+00
-6.664967640825860684e-01
-6.793398544099378267e-01
-6.754297739168625414e-01
-6.735259053520566974e-01
-6.821115671202696573e-01
-6.863809346134056577e-01
-6.848826285949060066e-01
-6.752215195822699467e-01
-6.478336482429429832e-01
-6.126827361418880624e-01
-5.824648973209043401e-01
-5.589721170536039452e-01
-5.547389360654908508e-01
-5.516334581131594472e-01
-5.578991371416112122e-01
-5.634217059802786309e-01
-5.814817272128254277e-01
-6.179885169468403161e-01
-6.474137494399655468e-01
-6.717986585354751572e-01
-6.849328966810352970e-01
-6.900329457607815575e-01
-6.814583868549122236e-01
-6.832107678872414436e-01
-6.724446384481777006e-01
-6.693894495477454853e-01
-6.681062592495591312e-01
-6.646790044949422160e-01
-6.710284362418013071e-01
-6.654247271559469157e-01
-6.623813471729924629e-01
-6.645240119867298345e-01
-6.640585159749258226e-01
-6.661753293912122675e-01
-6.572600894289999385e-01
-6.628922156723383585e-01
-6.623309253513752770e-01
-6.680323566776530386e-01
-6.639727724750331683e-01
-6.640118903976286457e-01
-6.643281139728965945e-01
-6.639048391217940992e-01
-2.713927786311793877e-01
-2.742500285305854990e-01
-2.754441268181858637e-01
-2.802063908234488920e-01
-2.778853223418232821e-01
-2.702345126933760056e-01
-2.498924716042055794e-01
-2.282499873212827102e-01
-2.090822106209104525e-01
-1.925970838595591483e-01
-1.815818410176248954e-01
-1.758197401638538493e-01
-1.736300173139938841e-01
-1.744325696169920503e-01
-1.810703786443677021e-01
-1.919759524203872858e-01
-2.091012768870597338e-01
-2.304507143614814568e-01
-2.517352446061306148e-01
-2.684029339887488153e-01
-2.768989942953604122e-01
-2.781377990145270096e-01
-2.773916082267522398e-01
-2.737190798535715230e-01
-2.727527336516783474e-01
-2.718564438368815117e-01
-2.698037867227327524e-01
-2.695311571362634107e-01
-2.651821626595272652e-01
-2.659909287099505026e-01
-2.667243369434220135e-01
-2.661054479775047943e-01
-2.672962810114999921e-01
-2.623175504683282755e-01
-2.650998294598368443e-01
-2.650782181850400154e-01
-2.654980575640928930e-01
-2.642818900233800949e-01
-2.607659668242990336e-01
-2.654652866256796973e-01
-1.771548629136071584e+00
-1.780097682217746335e+00
-1.796810853880509873e+00
-1.798125518557196711e+00
-1.812399206345945979e+00
-1.817848703438559310e+00
-1.822887858823770024e+00
-1.753483284398980047e+00
-1.694350585019334332e+00
-1.618985896339488306e+00
-1.573553929005081731e+00
-1.539482586411522913e+00
-1.538375575414244523e+00
-1.534545164891234492e+00
-1.542972079392858520e+00
-1.575585112387481335e+00
-1.625714231015481737e+00
-1.721312666029453098e+00
-1.756698308580929124e+00
-1.805367553165254879e+00
-1.812643920487840621e+00
-1.812522870509311268e+00
-1.802486927555207341e+00
-1.788381627539102237e+00
-1.784151935320231530e+00
-1.790620986178317997e+00
-1.778472718998787006e+00
-1.782788455261516525e+00
-1.763978357017620180e+00
-1.749839806699272637e+00
-1.762818597743152971e+00
-1.769038132347289904e+00
-1.759369478291138655e+00
-1.766077517790283657e+00
-1.757775858565551852e+00
-1.757745408217030292e+00
-1.771982401768467330e+00
-1.770916120562283647e+00
-1.782245816465245047e+00
-1.756471409774046588e+00
-1.758685119343182279e+00
-4.646505537649247564e-01
-4.632411094595331180e-01
-4.639284083042444773e-01
-4.510293335615410126e-01
-4.328489118710701078e-01
-3.997718722255979018e-01
-3.594690388625003119e-01
-3.231495436557276779e-01
-3.022259891006929267e-01
-2.836500018125215350e-01
-2.752062881098814584e-01
-2.729317835809025317e-01
-2.731613107043662225e-01
-2.825176746439387321e-01
-2.991879862682172431e-01
-3.261542089946705691e-01
-3.579686948911848243e-01
-3.955712101481123621e-01
-4.283680232431723023e-01
-4.526627035294734647e-01
-4.628024271775586507e-01
-4.657781445052509572e-01
-4.601559641291124159e-01
-4.593393800083551137e-01
-4.557708631537501498e-01
-4.497637830992365915e-01
-4.510172011038044992e-01
-4.463177185293316640e-01
-4.466567912733825363e-01
-4.450613506434758504e-01
-4.472100836734436702e-01
-4.428078565872154426e-01
-4.413104586915445049e-01
-4.424028530845302010e-01
-4.453570015853904884e-01
-4.384884368680784794e-01
-4.441313979052151084e-01
-4.428203920834607454e-01
-1.805235081704214817e-01
-1.692143556178119512e-01
-1.498858909301290232e-01
-1.308592081242531402e-01
-1.155777401586131209e-01
-1.042422752568679944e-01
-9.827328938086987709e-02
-9.623962378705895604e-02
-9.656674018823140082e-02
-9.658886176047640215e-02
-9.615649838750711664e-02
-9.644980814949344339e-02
-9.615563919140672489e-02
-9.915795217576753307e-02
-1.040761396539535560e-01
-1.164294084082665992e-01
-1.315806125368165214e-01
-1.513031265171368711e-01
-1.693728435754016659e-01
-1.808664653354186136e-01
-1.886868793669467526e-01
-1.895858556693488239e-01
-1.884027016365709406e-01
-1.857750214029482982e-01
-1.836351086633447316e-01
-1.825620564231531517e-01
-1.813233172822212025e-01
-1.799184728123538746e-01
-1.799835907404187252e-01
-1.788615653219063351e-01
-1.759876034890837104e-01
-1.769534552467244004e-01
-1.780321977665435540e-01
-1.787558807811553685e-01
-1.786391912949202854e-01
-1.357819110678765817e+00
-1.378866924610297584e+00
-1.369026339867045028e+00
-1.369863014791797173e+00
-1.342252724736299196e+00
-1.285791880699198586e+00
-1.200841644242947481e+00
-1.123094140035151511e+00
-1.058474189025211620e+00
-1.008468253530427905e+00
-9.930856803976707559e-01
-9.866241916888761621e-01
-9.975022632158415670e-01
-1.005908077523117505e+00
-1.059248153969266859e+00
-1.117231282494869582e+00
-1.203551187771209507e+00
-1.264917186329878929e+00
-1.335029185614460712e+00
-1.357427095182494936e+00
-1.376301615648979348e+00
-1.376681193728414243e+00
-1.364650568070248315e+00
-1.347525021167282011e+00
-1.351395465366800108e+00
-1.346569756531420969e+00
-1.344176638355468967e+00
-1.328399305829939703e+00
-1.338485692139235184e+00
-1.330364073876534325e+00
-1.333738858151974016e+00
-1.329564966486942890e+00
-1.327554323847343509e+00
-1.314514492104316146e+00
-1.318386849017602946e+00
-1.326721362297410778e+00
-1.319151524337735637e+00
-1.317424658381676883e+00
-3.319690401953509507e-01
-3.029397432159756098e-01
-2.731141089829640656e-01
-2.404310025538323181e-01
-2.150617169333536027e-01
-1.963277442329988687e-01
-1.879413366319395984e-01
-1.843016124493649655e-01
-1.844807738395273233e-01
-1.862006723432313160e-01
-1.833625464219040824e-01
-1.845894280662990494e-01
-1.878496920873252429e-01
-1.969514752600066421e-01
-2.146430484540622630e-01
-2.399038038802246975e-01
-2.719528264437616194e-01
-3.060228550040491324e-01
-3.314141743582333932e-01
-3.451635666577604900e-01
-3.529408486439641890e-01
-3.515914086505042002e-01
-3.523516361872086611e-01
-3.455831682988547704e-01
-3.423009180349699254e-01
-3.384656959643790874e-01
-3.371707634820046984e-01
-3.376184762907212811e-01
-3.360738182906605198e-01
-3.355393709168286720e-01
-3.365152772178538476e-01
-3.322292259093956313e-01
-3.335496566674686081e-01
-3.306103275894317628e-01
-7.821524440378176124e-02
-7.325920630140954348e-02
-7.314837470957526178e-02
-7.398972984119309149e-02
-7.835915552934848149e-02
-8.090963527792741083e-02
-8.276727170443888559e-02
-8.322420743146689837e-02
-8.237829839643795449e-02
-7.958638630716514950e-02
-7.772920404352030854e-02
-7.493255355663783202e-02
-7.230411012059752285e-02
-7.326444914932182806e-02
-7.898828618457363893e-02
-8.784689756245323000e-02
-1.016361793974276673e-01
-1.170802738374717988e-01
-1.294732318019982953e-01
-1.381151890498732160e-01
-1.431883912770391121e-01
-1.438092601923167124e-01
-1.426360589844892779e-01
-1.415702322234296817e-01
-1.383902066694286392e-01
-1.378728088276574837e-01
-1.368208794552008278e-01
-1.366924629331521535e-01
-1.354252292399891477e-01
-1.341020437400300414e-01
-1.102294996503075941e+00
-1.077902034086551941e+00
-1.042039818782845684e+00
-9.716095017979295978e-01
-8.981278723195570413e-01
-8.225115383283818637e-01
-7.598238585116805499e-01
-7.072822875325033287e-01
-6.874066897796247133e-01
-6.728284691177258692e-01
-6.785511401215172933e-01
-6.921136636536163733e-01
-7.053391362893813854e-01
-7.583689285571196814e-01
-8.170990314438125734e-01
-8.988238479454895291e-01
-9.766336539156803553e-01
-1.039293313016055320e+00
-1.079484311937621621e+00
-1.099777090853262029e+00
-1.113499744925049217e+00
-1.098200215651583989e+00
-1.100207218701640510e+00
-1.087751818853763819e+00
-1.086395119693992717e+00
-1.079979082365928100e+00
-1.068242378991901553e+00
-1.057928377947180865e+00
-1.074682065992314861e+00
-1.051542428841829802e+00
-1.067770864439922418e+00
-1.056843877424338496e+00
-1.060670045581568965e+00
-1.057880653591704911e+00
-1.057233946317543305e+00
-1.756069999507830492e-01
-1.605541733797816450e-01
-1.499561061410198681e-01
-1.468767883895834292e-01
-1.500747473764746376e-01
-1.518745938875130375e-01
-1.572158237578373530e-01
-1.585729296435092750e-01
-1.575849741913343538e-01
-1.538496044807782792e-01
-1.491950539747600724e-01
-1.475610337071615041e-01
-1.495741978473480727e-01
-1.617923331591669400e-01
-1.757302697655752644e-01
-1.991957707941657274e-01
-2.244908740801731528e-01
-2.487678728255765526e-01
-2.686217447394821378e-01
-2.798473217595416895e-01
-2.827272039234344225e-01
-2.842501942541817428e-01
-2.820787216630314398e-01
-2.775575337774738305e-01
-2.780544474876193162e-01
-2.717066091159683894e-01
-2.712472556655231570e-01
-2.683351319419692849e-01
-2.708467019561126010e-01
-2.704115227349012107e-01
-6.779285472544953339e-02
-7.192726144097770502e-02
-7.383249132828374750e-02
-7.575524933500717151e-02
-7.680147336737973285e-02
-7.676167461817783033e-02
-7.651242296127233611e-02
-7.472408871944365150e-02
-7.157130684673020105e-02
-6.817503149033470045e-02
-6.379035152504840267e-02
-6.080666872381705612e-02
-5.947567120859614809e-02
-6.073643668703284509e-02
-6.593428862359233811e-02
-7.529931619505375595e-02
-8.700987298785604895e-02
-9.741020568603120378e-02
-1.059721910443589543e-01
-1.112603572235378313e-01
-1.151749034449615766e-01
-1.160024627004800774e-01
-1.144204072692421859e-01
-1.137706555552453480e-01
-1.115561398360486872e-01
-8.288488436397934978e-01
-7.651033739670228817e-01
-7.080968294490685988e-01
-6.336807551559293650e-01
-5.856570016888829056e-01
-5.519342875589753339e-01
-5.273857588543382491e-01
-5.253676712942978444e-01
-5.219746324641441060e-01
-5.206208461105691354e-01
-5.303312203517041024e-01
-5.516075688374916242e-01
-5.843376248610716583e-01
-6.354947452035430988e-01
-7.015789802425179689e-01
-7.665337241375363986e-01
-8.303614307294113761e-01
-8.751284368970746463e-01
-9.050890890596112737e-01
-9.212461219776600929e-01
-9.227877650941646026e-01
-9.263744141426714096e-01
-9.172151241637062080e-01
-9.042641464308640575e-01
-8.948982053771369349e-01
-9.045968657028372606e-01
-8.939079985326368050e-01
-8.937502513359663059e-01
-8.874216975110864603e-01
-8.879573434529116627e-01
-8.884476413841002618e-01
-8.792845117776619812e-01
-1.276780922053970257e-01
-1.313252811348133708e-01
-1.365089081771402313e-01
-1.438300206030218298e-01
-1.456348519533574859e-01
-1.448530357379737565e-01
-1.450654482189708827e-01
-1.425617132911618234e-01
-1.387550019130293355e-01
-1.326943593425826129e-01
-1.279304988746143290e-01
-1.257716879937375576e-01
-1.300339647774497176e-01
-1.406208088163387049e-01
-1.576539064932676870e-01
-1.766996923561262034e-01
-1.982761967810022230e-01
-2.128362744091347181e-01
-2.262520826357396209e-01
-2.333286739302170287e-01
-2.383631037259106300e-01
-2.384432120792326915e-01
-2.350180322053627424e-01
-2.348629161651197284e-01
-2.313427190160250169e-01
-2.299182161413699244e-01
-6.949411803668162357e-02
-7.013817428571575419e-02
-7.069128942701592699e-02
-7.039120157805613121e-02
-7.083345511734445710e-02
-6.874568156461137447e-02
-6.754127243202288911e-02
-6.437441538143115483e-02
-6.143934486257561500e-02
-5.767450711320983719e-02
-5.394546261106299145e-02
-5.141072058999077848e-02
-5.100140034848939241e-02
-5.359043548839212412e-02
-5.958676734594499369e-02
-6.750462886627943415e-02
-7.524844322798744656e-02
-8.420347592152048477e-02
-9.012973001090833491e-02
-9.449847151082357843e-02
-5.754902061185841466e-01
-5.228998470514120145e-01
-4.763536073337859555e-01
-4.523820692348440864e-01
-4.394960440882172414e-01
-4.386247940642130638e-01
-4.369138837895950034e-01
-4.357929381362839472e-01
-4.325459940374825618e-01
-4.457225658299233118e-01
-4.556110404937315783e-01
-4.831655295408902040e-01
-5.182403104999016019e-01
-5.744244972223093715e-01
-6.289095611144406295e-01
-6.833776683366140636e-01
-7.286803022555021769e-01
-7.638137905597386368e-01
-7.849452879035642150e-01
-7.888392452908336017e-01
-7.910576998259329917e-01
-7.946167282806644305e-01
-7.896658771223616924e-01
-7.827011698193141465e-01
-7.780757445315932275e-01
-7.728992892967300188e-01
-7.704658869407129407e-01
-7.691645829910238596e-01
-7.615779471874919437e-01
-1.311346297107023329e-01
-1.340716802773014582e-01
-1.381596237055667531e-01
-1.372176990832374155e-01
-1.380221427426398528e-01
-1.353847412782024084e-01
-1.320164882821230623e-01
-1.266291332675835712e-01
-1.204417521701008353e-01
-1.146000299903540826e-01
-1.119740664899833565e-01
-1.132162841838424555e-01
-1.175960807918458584e-01
-1.295619617615764718e-01
-1.435442375887295285e-01
-1.586221577244673053e-01
-1.748294103426776824e-01
-1.856658526773714846e-01
-1.961379925562310167e-01
-2.007210297440362723e-01
-2.053203553125954872e-01
-2.031231538196975883e-01
-6.413255774618549510e-02
-6.445183021769693155e-02
-6.418283207047070782e-02
-6.298156644977002949e-02
-6.220400325930875579e-02
-6.031389836707538171e-02
-5.861649308911448530e-02
-5.597519908931147120e-02
-5.286920069085343510e-02
-4.914596413041935619e-02
-4.626339532066426480e-02
-4.501893523976521067e-02
-4.633829075234463524e-02
-4.959808889951162342e-02
-5.491624711484944382e-02
-4.114051893397098758e-01
-3.945774530100361055e-01
-3.884984222569263790e-01
-3.905677167613924583e-01
-3.955728120593494102e-01
-3.932412430520306756e-01
-3.889390863328323622e-01
-3.892723353306796752e-01
-3.872273990245861941e-01
-3.925119627844250170e-01
-4.104826809127637421e-01
-4.437946898295306863e-01
-4.816308808470620151e-01
-5.299915225881647318e-01
-5.778036800314004795e-01
-6.136705218266079731e-01
-6.472505962848460470e-01
-6.732010805540153964e-01
-6.865165086917062176e-01
-6.979503566550085969e-01
-6.956201712810686777e-01
-6.984641247349898663e-01
-6.940551102754382029e-01
-6.869459877016776961e-01
-6.819445595847484221e-01
-6.793762011706904191e-01
-1.299424845921063054e-01
-1.299250078590187540e-01
-1.285043083949420351e-01
-1.297151383731942609e-01
-1.252250600712326856e-01
-1.217958481073701388e-01
-1.159575371012731004e-01
-1.103742867599685901e-01
-1.051754267407238319e-01
-1.005391741563028823e-01
-1.001580209851788417e-01
-1.029698965003533612e-01
-1.112788816886449844e-01
-1.225017789422535724e-01
-1.344432682614199737e-01
-1.452425496092120683e-01
-1.568523939226029729e-01
-1.675647281352204421e-01
-5.861102668097786100e-02
-5.752203362908669265e-02
-5.721001348736078768e-02
-5.678823663733627986e-02
-5.552096325345329264e-02
-5.395272357948092262e-02
-5.101282266573118479e-02
-4.766234254756407385e-02
-4.530789316108144171e-02
-4.284455639635338653e-02
-3.505981232601446118e-01
-3.581443283567921076e-01
-3.659517813103223549e-01
-3.640211027875537297e-01
-3.678732711899062036e-01
-3.631418632120289591e-01
-3.572407398020362446e-01
-3.521248539355223417e-01
-3.537514256819219716e-01
-3.610333288938850638e-01
-3.836976459811513029e-01
-4.162220675263674230e-01
-4.587922112641835692e-01
-4.983341351482202808e-01
-5.308842884732636325e-01
-5.565630241955494828e-01
-5.783855992695182691e-01
-5.996900587685235484e-01
-6.101194390914836951e-01
-6.153256583026234239e-01
-6.225195914399364039e-01
-6.174570984413321195e-01
-6.142992460113985143e-01
-1.218411786516388068e-01
-1.209381532004548399e-01
-1.184347536716160582e-01
-1.170782434701062580e-01
-1.136506174410355785e-01
-1.087460149569090123e-01
-1.029814211226588727e-01
-9.875530218199080057e-02
-9.400869395661758110e-02
-9.241379910764087324e-02
-9.338530572714405509e-02
-9.824259156477330168e-02
-1.069055240174135862e-01
-1.158400081339340665e-01
-5.251577070004808528e-02
-5.191323673951440953e-02
-5.143040605352033889e-02
-5.038584997534554383e-02
-4.919251591857020517e-02
-3.408043578821592923e-01
-3.485800544254086253e-01
-3.496683197734564708e-01
-3.462300394622744859e-01
-3.421586522587941603e-01
-3.332988634707977349e-01
-3.248924692990176055e-01
-3.226126918001906430e-01
-3.303638593038223936e-01
-3.485284730643170015e-01
-3.732798095106774072e-01
-4.028657529718235319e-01
-4.345167171677446483e-01
-4.637321016941387541e-01
-4.863113290161141800e-01
-5.101678287574099580e-01
-5.261532213093312871e-01
-5.399537473265236809e-01
-5.522243786923928255e-01
-5.549286488870568412e-01
-1.116512536983426535e-01
-1.100474222040033340e-01
-1.090528053531766711e-01
-1.051066015778147622e-01
-1.019019103869936160e-01
-9.699783685817663093e-02
-9.176720442383748400e-02
-8.885889482413214524e-02
-8.613208254608649417e-02
-8.586516428755119890e-02
-3.360579673407485535e-01
-3.335456508814481080e-01
-3.298783865439399721e-01
-3.257198180857149294e-01
-3.166511146388557019e-01
-3.058424567167798425e-01
-3.009665513209968668e-01
-3.033351248273395417e-01
-3.167799264523547542e-01
-3.387385513589458719e-01
-3.618409618741419420e-01
-3.916410129325713085e-01
-4.137179322103849421e-01
-4.374576123662825555e-01
-4.582065597333095375e-01
-4.659541802498771146e-01
-4.844892715275216921e-01
-1.027670683560871212e-01
-1.016257794194257019e-01
-9.919836530267481245e-02
-9.514187336833239417e-02
-9.062509148898975631e-02
-8.634148082272047331e-02
-3.182015782288853400e-01
-3.163225894200823451e-01
-3.079451347578002762e-01
-2.990074061195982513e-01
-2.880332689137590219e-01
-2.819232814063315495e-01
-2.830859523984127768e-01
-2.930986520306257948e-01
-3.124430644354141973e-01
-3.357000889180373204e-01
-3.562952647795128991e-01
-3.791607774168659351e-01
-3.954315872973027113e-01
-4.096431099483793248e-01
-9.541976923935607813e-02
-9.241176678823685708e-02
-3.072867557938895877e-01
-2.925001489691376189e-01
-2.827735648261054391e-01
-2.743118956855167823e-01
-2.652643599005417019e-01
-2.682758567683691253e-01
-2.734729623088722472e-01
-2.897973141702520072e-01
-3.009262812479786553e-01
-3.249401342058175213e-01
-3.438866189638487003e-01
-2.808664860861082579e-01
-2.712500831370590060e-01
-2.614701500001401224e-01
-2.563146641528856184e-01
-2.526097820075582367e-01
-2.560799173534573092e-01
-2.664524606259146555e-01
-2.854150656196012825e-01
-2.597019914708860733e-01
-2.502022986360473711e-01
-2.444947570038437101e-01
-2.400475061865109394e-01
-2.434667249464910199e-01
-2.403912461025824177e-01
-2.311942264361140642e-01
