1.571640963282304604e+01
1.560060681481203204e+01
1.588251819496046124e+01
1.561069487203472583e+01
1.592207298818490102e+01
1.577664847669169745e+01
1.568235160004743811e+01
1.590275631171767046e+01
1.535620371718886545e+01
1.585209141358494023e+01
1.585310358063346392e+01
1.555899353088835291e+01
1.549332953885776831e+01
1.543892794350322362e+01
1.545643151957679251e+01
1.572462516382059405e+01
1.525964638468141210e+01
1.563348021008711086e+01
1.535107045565190731e+01
1.555195361325785619e+01
1.550660763807390907e+01
1.569777094922533323e+01
1.585981341169989811e+01
1.575345295403752743e+01
1.580380441482685860e+01
1.585082121636515140e+01
1.570569743891681469e+01
1.600720461054959642e+01
1.577095652066590681e+01
1.555300382931602954e+01
1.593636999916533092e+01
1.584703595476207916e+01
1.575172190296341057e+01
1.562927337968035424e+01
1.596515202554941837e+01
1.561703806939003414e+01
1.589470894506511733e+01
1.600407552576862003e+01
1.565999068972539554e+01
1.543553895563874612e+01
1.589348644150708800e+01
1.586594553632009408e+01
1.575015749496413342e+01
1.563756010602402746e+01
1.585375654636705178e+01
1.557450454161873665e+01
1.571211980087699622e+01
5.252126719207611316e+00
5.277664297693491768e+00
5.359583885361966615e+00
5.248722950908959461e+00
5.238774668513579869e+00
5.327850050490981815e+00
5.226795944347718326e+00
5.287713237277825939e+00
5.236810286966399275e+00
5.153294725384238717e+00
5.181797871121727184e+00
5.214752667646775031e+00
5.041384957653791687e+00
5.041217683152640738e+00
4.969482677665810755e+00
5.013686119786590289e+00
5.094943980643162007e+00
5.076958655024707667e+00
5.174316892281776603e+00
5.154433536938649141e+00
5.204571638873288997e+00
5.155855987938243068e+00
5.219669759308257717e+00
5.247130957498051806e+00
5.276552307974906597e+00
5.237264639946277001e+00
5.311038082928383197e+00
5.278228376700798918e+00
5.256788418621455072e+00
5.241601754079818321e+00
5.216886515499881583e+00
5.222628275830520472e+00
5.225577297551910583e+00
5.371422115682940479e+00
5.282809383001936254e+00
5.223083560827912031e+00
5.355650047386257384e+00
5.267540408998269363e+00
5.184504260008581333e+00
5.314189563329359878e+00
5.163571596166355526e+00
5.295867501246126707e+00
5.307381458567086874e+00
5.233119029822189461e+00
5.366365231153779725e+00
2.650368216331610238e+00
2.661591591022460790e+00
2.610161580454440688e+00
2.626760415903405033e+00
2.594352916115922891e+00
2.556797607109902337e+00
2.521575924421863402e+00
2.558250080745262167e+00
2.537789628579057766e+00
2.494852014262014972e+00
2.441504860501849450e+00
2.441238620916708513e+00
2.343531419421276407e+00
2.317764352583545850e+00
2.334762601440196317e+00
2.361376874533690273e+00
2.447257203310886364e+00
2.460233242973234979e+00
2.466120045720269882e+00
2.509473138635948786e+00
2.572483578746647570e+00
2.578294198651629454e+00
2.598742058334503113e+00
2.594653617577421301e+00
2.650277884609383960e+00
2.595476684303775095e+00
2.658199097847225190e+00
2.624601986935706677e+00
2.648448432972658750e+00
2.694891236036105919e+00
2.637904832597127491e+00
2.643611155518895917e+00
2.636603430527492353e+00
2.643456932810691384e+00
2.677622663729458008e+00
2.671525487076980454e+00
2.657695078273923261e+00
2.650219251555279154e+00
2.694632708032449919e+00
2.642846190300060627e+00
2.670452870930093425e+00
2.633468675601505549e+00
2.663702395161555714e+00
1.578373489094480497e+00
1.583627327489036452e+00
1.566464242443855737e+00
1.573590422618561524e+00
1.528284887760026356e+00
1.488351586424743189e+00
1.480614170207536828e+00
1.462995288521779846e+00
1.425362264802082946e+00
1.407140030733668778e+00
1.374119590576375005e+00
1.328579275320153741e+00
1.291368948372630943e+00
1.312563970837668625e+00
1.328468054305295576e+00
1.360504907212985337e+00
1.401421044472260569e+00
1.467945652251509525e+00
1.464071706811160833e+00
1.493496432311886890e+00
1.524108722020920625e+00
1.526249999510049360e+00
1.548435831277386043e+00
1.572526677246479432e+00
1.566836880631822915e+00
1.543813823204537306e+00
1.591930273048282718e+00
1.572548841890401450e+00
1.586238172717278072e+00
1.603558807148922405e+00
1.594519700872710777e+00
1.608668315862977538e+00
1.607224380573691658e+00
1.569372598028764720e+00
1.592034118135895460e+00
1.580268496921671151e+00
1.586261769731687199e+00
1.601787284066227057e+00
1.594534314211278891e+00
1.575356218551010379e+00
1.591109510833351726e+00
1.018763042460911317e+00
1.028744394880628299e+00
9.932140979132004777e-01
9.938007089397449256e-01
9.664421399279755631e-01
9.409407244835612527e-01
9.499403074122229063e-01
9.331531574192795109e-01
9.038359528612395222e-01
8.589010603775172337e-01
8.352503628028857818e-01
7.975047510028245856e-01
7.931871584700662670e-01
8.386314292373870938e-01
8.596915085994777384e-01
9.023545036272961894e-01
9.078886105235497439e-01
9.393355899864828107e-01
9.410617385567796589e-01
9.523009536605181458e-01
9.906132513673642226e-01
9.941996394542266247e-01
1.025794116288591074e+00
1.039842386523959661e+00
1.050054809124165267e+00
1.048221326653909102e+00
1.048893467489360187e+00
1.055220514433954593e+00
1.058557172341129782e+00
1.073762490702876216e+00
1.039402586731366762e+00
1.059425027673492670e+00
1.048322081852933296e+00
1.055597036466964900e+00
1.052838396870674265e+00
1.072414413834325897e+00
1.047976515531125141e+00
1.068112369490928248e+00
1.051351334891152289e+00
7.023004735769889928e-01
6.921168096670414771e-01
6.762235554939793891e-01
6.732404323258716072e-01
6.624105067831417282e-01
6.569841893354898543e-01
6.374889742379948876e-01
6.277590608462396693e-01
5.879066737860869640e-01
5.613351903470658044e-01
5.455663831765577010e-01
5.430648083795308612e-01
5.572079193673771247e-01
5.976397659648031713e-01
6.267843139233317817e-01
6.345041856280643211e-01
6.484162193068312430e-01
6.537644389699353020e-01
6.640981071009031123e-01
6.842266140187746037e-01
6.971618444206872933e-01
7.016271075350931641e-01
7.203717874149039302e-01
7.457952831355095791e-01
7.478861180595838265e-01
7.451735264012810944e-01
7.322810337011873560e-01
7.393606863115834704e-01
7.554051295711475822e-01
7.719074603610452945e-01
7.440122441607662784e-01
7.558191718176742180e-01
7.476178171045925192e-01
7.447531451366641297e-01
7.471052377574115555e-01
7.390839006942740985e-01
7.609011896868879132e-01
5.076073558974005806e-01
4.922962343219767223e-01
4.851154936502393711e-01
4.831773604596000249e-01
4.754309376282782051e-01
4.702695205985739091e-01
4.606322372660817677e-01
4.262829671247875263e-01
4.012816350330904447e-01
3.846621545661861319e-01
3.877438878372827524e-01
3.968185273351944042e-01
4.361408993768768894e-01
4.573472084798328452e-01
4.726910837597613768e-01
4.854910732981566057e-01
4.824759905044699315e-01
4.903333555720122416e-01
4.934021492799143815e-01
4.919856311803829096e-01
5.093766287784052826e-01
5.218176268489830294e-01
5.459884675928230457e-01
5.438562930312467181e-01
5.474881765808157219e-01
5.600808068406528673e-01
5.521889334320791987e-01
5.619395424359262536e-01
5.556762901428994317e-01
5.585544464770216821e-01
5.642286237701046314e-01
5.647554605307343323e-01
5.722889987151950075e-01
5.641479709163194078e-01
5.692488712192254052e-01
3.831726058173704486e-01
3.786146372077848210e-01
3.731243456166322692e-01
3.683622599486075511e-01
3.645232226755645288e-01
3.517131724412153604e-01
3.330890246138333288e-01
3.044951618719430875e-01
2.889466654611491658e-01
2.874415978766476920e-01
3.007678696022694775e-01
3.316078794102269578e-01
3.551509505059640692e-01
3.659589162914614890e-01
3.778747347927776667e-01
3.702837899256872234e-01
3.788689926175121125e-01
3.700540944066502691e-01
3.885849922469608586e-01
3.900126626999920187e-01
3.971096208773730041e-01
4.049879465201202122e-01
4.036934202644404945e-01
4.299398008752329803e-01
4.211812066464658555e-01
4.261835260531006142e-01
4.341742141239112729e-01
4.380995022129327565e-01
4.442105313920676202e-01
4.364182653035990622e-01
4.316226511489815176e-01
4.393096791933991940e-01
4.383923171271121855e-01
3.011843090095282505e-01
3.007681718746655908e-01
2.959517027902572317e-01
2.919573530547142082e-01
2.797029771798302811e-01
2.584352818646671879e-01
2.352013724560577945e-01
2.243806933275771520e-01
2.235216818578714681e-01
2.428412110409206848e-01
2.665551754122360562e-01
2.773390454143702666e-01
2.958904144166448202e-01
2.958392872112921568e-01
3.037454683596149119e-01
3.051610429335098185e-01
3.005739736755489444e-01
3.062555073731839106e-01
3.115437059744987636e-01
3.133455079454556813e-01
3.150461036186559260e-01
3.203150226626264585e-01
3.351541533696504871e-01
3.358393637236248286e-01
3.386987861885254469e-01
3.380902263844018374e-01
3.399408369469089086e-01
3.449935048991059072e-01
3.472354368512023948e-01
3.482578656825653929e-01
3.506860273493073721e-01
2.548364685361644844e-01
2.484050415225707853e-01
2.447733751098067068e-01
2.265314614831691054e-01
2.098610934164039654e-01
1.901590982324372348e-01
1.815092937269262852e-01
1.819403007356739932e-01
1.896249215994768034e-01
2.087989261395808982e-01
2.244979492952730027e-01
2.380098418887184042e-01
2.519185228477806571e-01
2.546110456468442806e-01
2.516434352595879331e-01
2.493287701825414870e-01
2.472690218998013778e-01
2.448199161894766551e-01
2.464197062795304982e-01
2.518925379652929841e-01
2.581822573689823153e-01
2.591675148416864860e-01
2.717621720742050551e-01
2.744965068412894560e-01
2.770931580747765244e-01
2.746086387006250185e-01
2.796885225374008965e-01
2.851599369704825304e-01
2.836999982527073638e-01
2.084762414653649476e-01
2.008775702439040411e-01
1.913472152159066131e-01
1.743013464193055584e-01
1.577660015710842800e-01
1.458982821173416544e-01
1.454196175538203240e-01
1.569319634110637462e-01
1.750075974622008479e-01
1.933726983215320328e-01
2.047868497517204012e-01
2.089568865797841180e-01
2.126707286983128276e-01
2.130807986830437206e-01
2.119660627881100601e-01
2.096195279299505332e-01
2.082490263445354040e-01
2.062035041089264886e-01
2.115799081387998715e-01
2.122898218880031052e-01
2.139470035196870956e-01
2.207114744855724064e-01
2.218509699152901027e-01
2.291227562329684331e-01
2.309098895386799133e-01
2.349719006802207244e-01
2.390536772211498129e-01
1.766372976664110084e-01
1.628659189174701538e-01
1.468902018897958461e-01
1.326599422657884497e-01
1.202559912423986632e-01
1.239442985005952680e-01
1.303529395745702535e-01
1.477638508339388090e-01
1.663096017895698553e-01
1.711075760122510447e-01
1.804340624964068107e-01
1.820929136040252139e-01
1.827899168913963424e-01
1.797915662825487204e-01
1.801028275620562003e-01
1.804556977125175987e-01
1.747264859640195733e-01
1.745750250618289534e-01
1.780995353404652703e-01
1.767203969374495087e-01
1.782505071935268637e-01
1.845906643292632432e-01
1.902603878120941727e-01
1.953241707595564092e-01
1.950765505353597717e-01
1.397751212558772660e-01
1.257425126059823484e-01
1.107765203814868038e-01
1.045498557924513794e-01
1.016238333985032966e-01
1.096962257052165740e-01
1.242619848509210201e-01
1.379978816401389585e-01
1.507410946545013064e-01
1.548384395858021789e-01
1.606202347697748278e-01
1.601675532845794891e-01
1.608228215487345625e-01
1.594101868302656433e-01
1.578392949377977195e-01
1.575934126833323512e-01
1.538323118307212689e-01
1.511899723625637071e-01
1.513924150168122207e-01
1.540249444437153670e-01
1.557131107093782940e-01
1.580714163239539671e-01
1.630816523928620421e-01
1.098925293986789675e-01
9.559773763496008658e-02
8.924238176028555236e-02
8.879561757557002943e-02
9.733605526415625708e-02
1.072633960381328133e-01
1.220369598428808072e-01
1.330561518279460564e-01
1.352176829852724527e-01
1.372911227423564140e-01
1.401823038261422461e-01
1.379714783140321976e-01
1.385751927119978633e-01
1.362925552823287811e-01
1.382132808091392495e-01
1.340686215475860588e-01
1.324636147504118233e-01
1.299119137169930938e-01
1.301843496490018570e-01
1.310577889308580934e-01
1.351283583117876830e-01
8.262960448308111217e-02
7.556570926770016239e-02
7.759335688749811888e-02
8.283508379539078481e-02
9.543641146203543646e-02
1.063519585800484085e-01
1.151962569389026053e-01
1.218319421613165421e-01
1.259237069319469327e-01
1.252326904174080047e-01
1.233969146276563955e-01
1.239358310743668701e-01
1.227408440837609166e-01
1.212209958807895227e-01
1.198320065617068386e-01
1.176730047875773205e-01
1.155443241019765421e-01
1.160222875352204808e-01
1.161279514885556891e-01
6.710821465753523396e-02
6.727048619439783550e-02
7.245239724540802895e-02
8.222422486599462177e-02
9.374051709947252287e-02
1.021754311173802832e-01
1.069818388899123757e-01
1.097919756499715488e-01
1.094661093219838066e-01
1.099027789078668160e-01
1.081644916497315062e-01
1.082774319774654770e-01
1.088154561758031963e-01
1.080441841220311366e-01
1.056259039083504991e-01
1.042812462318270655e-01
1.047345706587947123e-01
5.923225606832518975e-02
6.421834166196205285e-02
7.352916036659074006e-02
8.413171750120407300e-02
9.116778985905299448e-02
9.669597998494736113e-02
9.832837262039212378e-02
9.911204820043691133e-02
9.928362758176507985e-02
9.922509895382247702e-02
9.875658489383547234e-02
9.688757158111105383e-02
9.732121643544495992e-02
9.633736232870729332e-02
9.522108967365686127e-02
5.708708457272627240e-02
6.559251142561590975e-02
7.472520494381466871e-02
8.165381682140762654e-02
8.561435677466672223e-02
8.930760509739930908e-02
8.857192254823748057e-02
8.982417112250686009e-02
8.997889492276370249e-02
8.856020297924784013e-02
8.831616834408158312e-02
8.907714218513494708e-02
8.776462627880632361e-02
5.834667228233150066e-02
6.673071429238283669e-02
7.481918618291559520e-02
7.743678586261511232e-02
8.049993077460927682e-02
8.123428541329748287e-02
8.238129627143624123e-02
8.091750595989243011e-02
8.029932081914048503e-02
7.964502586365736214e-02
8.009109741688734407e-02
6.143658924624800094e-02
6.815432025087024559e-02
7.138084708960643066e-02
7.204265216596475452e-02
7.362317091280033698e-02
7.517482606153833014e-02
7.356969147139028053e-02
7.332599944472423248e-02
7.326976167118154359e-02
6.297262679146299613e-02
6.501658260600221007e-02
6.636782831259248339e-02
6.768726789960899382e-02
6.651506597704848200e-02
6.703711883269830585e-02
6.568343537334404847e-02
5.928224838022507631e-02
6.180083229706281878e-02
6.234857842502952024e-02
6.248840716332351719e-02
6.171907110240701377e-02
5.528028479679002877e-02
5.673732785325255601e-02
5.697114913285927090e-02
5.248768943760521999e-02
8.112269708674769930e+00
8.022784807412802977e+00
7.964019128103553946e+00
7.894925083592733372e+00
7.845053411413132061e+00
7.763908738084394301e+00
7.885888844646062878e+00
7.643931569505827639e+00
7.749555453061059751e+00
7.629539828976040994e+00
7.624199838596598333e+00
7.622636918824422736e+00
7.441028127136386949e+00
7.379380751300141483e+00
7.352115460749031328e+00
7.484929072973671715e+00
7.397119406089616156e+00
7.624417975037450113e+00
7.713184824760029201e+00
7.798569855355568237e+00
7.735793592670471952e+00
7.809348787895689092e+00
7.925508998811578998e+00
7.807978857284734175e+00
7.693339087575562729e+00
7.969768507590972995e+00
7.727027755793463903e+00
7.881273101707436446e+00
7.923633686351764460e+00
7.942851340578043207e+00
7.932723393933318157e+00
7.920662446646150379e+00
7.830494196957161535e+00
7.711431943744240236e+00
7.960288766305069430e+00
7.904039666068564784e+00
7.816566999527795545e+00
7.862538939671309457e+00
7.827214220332210814e+00
7.930786401343178582e+00
7.834583996673829098e+00
7.859564865800774847e+00
7.803249685589777940e+00
7.879164230844719619e+00
4.213897205954515002e+00
4.204758518937395273e+00
4.234219356101988296e+00
4.119768059208753996e+00
4.124933100482398807e+00
4.134876101116458536e+00
4.005536591697587134e+00
3.925947274061033720e+00
3.918911873193255513e+00
3.845173491244830988e+00
3.896040757193047099e+00
3.718709976510893522e+00
3.677717543833828540e+00
3.582809604402633852e+00
3.600434210930997470e+00
3.731521130973053602e+00
3.867896819688856791e+00
3.935464406848782737e+00
3.924560328824210576e+00
3.945075660634309145e+00
4.076079948575488388e+00
4.089776344341717440e+00
4.107914655447128638e+00
4.153539623235025680e+00
4.103654228193270193e+00
4.250243974180070161e+00
4.179146497148979122e+00
4.208748441594845957e+00
4.282619907659256597e+00
4.258696078407347763e+00
4.198926648730885169e+00
4.240343765723122438e+00
4.193185915409801012e+00
4.251613985471583312e+00
4.247219626614613830e+00
4.234073681797174693e+00
4.239932098395052584e+00
4.210300059997874378e+00
4.221195902892597829e+00
4.192701995566624262e+00
4.165806571423355642e+00
4.136201786691742655e+00
2.658190946713725911e+00
2.565068362361402787e+00
2.539426479123499725e+00
2.518308411520327361e+00
2.463666182370611857e+00
2.434948972426907332e+00
2.347074234092223488e+00
2.345333313320234758e+00
2.303982082264451225e+00
2.313824936242283581e+00
2.174948399140450128e+00
2.147047175405468522e+00
2.111023097426906414e+00
2.109509056396132287e+00
2.202237555630628396e+00
2.279924396028754074e+00
2.366311428926600069e+00
2.377890743098677540e+00
2.388271336492231001e+00
2.431101487782914905e+00
2.452630294917088616e+00
2.562808806556628127e+00
2.581066456918466478e+00
2.578068435989598672e+00
2.587154413581156387e+00
2.633021294863222561e+00
2.613073845253422789e+00
2.676846310753817182e+00
2.631770990863840698e+00
2.652290200474399118e+00
2.648799322830925451e+00
2.643211395638390471e+00
2.662315146796336407e+00
2.685594981041308227e+00
2.629346875418984819e+00
2.593691787401337212e+00
2.661025247055296639e+00
2.623085278674082588e+00
2.636649984983158390e+00
2.659806044172890793e+00
1.708584272814421379e+00
1.699322220599588373e+00
1.668228144524378953e+00
1.658880911396994451e+00
1.614297606752914671e+00
1.569550886834869097e+00
1.559367305460965136e+00
1.544835361503227533e+00
1.478099682520966907e+00
1.436143209096726325e+00
1.364496626303858040e+00
1.349583622150192674e+00
1.376650837420967166e+00
1.423598797508777603e+00
1.470624313537566286e+00
1.532577828887458082e+00
1.568592213800449109e+00
1.599523724283680171e+00
1.617230615218608891e+00
1.628590350393945174e+00
1.671746199079338080e+00
1.722600437456697664e+00
1.735945434408534105e+00
1.796580967271708129e+00
1.787502406933220156e+00
1.760825933013666633e+00
1.773136268909026869e+00
1.805576237252620508e+00
1.798712971958959628e+00
1.820677649645805030e+00
1.808227859824347306e+00
1.791702468970385764e+00
1.807244681916684081e+00
1.828865719816094693e+00
1.801792956814133539e+00
1.802270437065756958e+00
1.801546499360710429e+00
1.841127460462070875e+00
1.205034458047089974e+00
1.170910123711027317e+00
1.151005691936061615e+00
1.148515638358456936e+00
1.130434403654796194e+00
1.135165551227515834e+00
1.079581553439370456e+00
1.068514322104578973e+00
9.979631942269936440e-01
9.441751549966078683e-01
9.649228372654724550e-01
9.513901545095638790e-01
9.918546425913368214e-01
1.060501154200536700e+00
1.095566454226861719e+00
1.118698566489658042e+00
1.128596898108204849e+00
1.131519542642611231e+00
1.161652064345199742e+00
1.166551833873847643e+00
1.184201667049811668e+00
1.244366878140067412e+00
1.246605961857648825e+00
1.276129836581111787e+00
1.288093294895926055e+00
1.301382386409517089e+00
1.306770336594985205e+00
1.317996703289020743e+00
1.313509687142863758e+00
1.303723556654494020e+00
1.309941151206868604e+00
1.320925037608063457e+00
1.325955606336225889e+00
1.304888438653349025e+00
1.334412272274669409e+00
1.328416612651429851e+00
8.682408433333749231e-01
8.669683588453885870e-01
8.521133701855336806e-01
8.650834103720964618e-01
8.383483527193333895e-01
8.208133183128163424e-01
7.861075848392673482e-01
7.325181946306739134e-01
6.787515346772783342e-01
6.836360054094945404e-01
6.922881415541641825e-01
7.437944523334879543e-01
7.870941635297539207e-01
8.249699754475133817e-01
8.304107094214020490e-01
8.628284370241411372e-01
8.682234530937276151e-01
8.621668172243855954e-01
8.618287943156245356e-01
8.894834858560549673e-01
9.075828501604609189e-01
9.436502068532294230e-01
9.522399812870783187e-01
9.581377219088431652e-01
9.758578763693340763e-01
9.691227875048330498e-01
9.878306323017065349e-01
9.794541467843163041e-01
9.790783042108074374e-01
1.007474633645123019e+00
9.986719559980729022e-01
1.014158145935117217e+00
9.875835155682769484e-01
1.010645618646259791e+00
6.789161609525911079e-01
6.873051288180572760e-01
6.836731876032748900e-01
6.620197710808860547e-01
6.384456574512461513e-01
6.039545059737897459e-01
5.716104101893105804e-01
5.273467305381074333e-01
5.181369823418059406e-01
5.437146614618495466e-01
5.660649704905102997e-01
6.105941546065226655e-01
6.513834048749582717e-01
6.701593127676572781e-01
6.948458268808156424e-01
6.660917066026325051e-01
6.821121009750769071e-01
6.828261388762270068e-01
6.766946600840848536e-01
6.983080733122376538e-01
7.129157560316793374e-01
7.416043078028035085e-01
7.363947938148783789e-01
7.463359031261767029e-01
7.822279323462323353e-01
7.698832620417864758e-01
7.679304347569965161e-01
7.861049173850869209e-01
7.687763522913195757e-01
7.954339511782606564e-01
7.764502535336776923e-01
8.047907465800945293e-01
5.545227228173380540e-01
5.521018011365123046e-01
5.476119541969254323e-01
5.282294510814121713e-01
4.889562840159026313e-01
4.512941079072305128e-01
4.214361479567842461e-01
4.059105433202070956e-01
4.149076358352862814e-01
4.482052910429153991e-01
4.917246829097452476e-01
5.283673232296269839e-01
5.419622443129833433e-01
5.477853539736267097e-01
5.547300380233003425e-01
5.435656052489854506e-01
5.458090754359129493e-01
5.427205279619218281e-01
5.443270347199784531e-01
5.557898725759068403e-01
5.694693107633004292e-01
5.908988177765291949e-01
5.972463361338729015e-01
5.978209429836766065e-01
6.123683164064523954e-01
6.194207099575900211e-01
6.222640774075771652e-01
6.294420340448548812e-01
6.366463236152285488e-01
6.324180599090842847e-01
4.623173205560721644e-01
4.535884742782075318e-01
4.414250800529757046e-01
4.031654804169795270e-01
3.718434117474986311e-01
3.400862353368818147e-01
3.270857569478790028e-01
3.363631389946133976e-01
3.671112572113980344e-01
4.072890160993513087e-01
4.336458827580613185e-01
4.557084353097072271e-01
4.686127321222379738e-01
4.531768596725950782e-01
4.568565555187496519e-01
4.522845770491933926e-01
4.586378413512847696e-01
4.658041648981520733e-01
4.534742647155515227e-01
4.726263238343738626e-01
4.706574949899672289e-01
4.890583871211854894e-01
5.003384517892064398e-01
4.996657202249416563e-01
5.129536004284689366e-01
5.204443118092290099e-01
5.140006992402695873e-01
5.285447736889427039e-01
3.814499999632558480e-01
3.675681568462355053e-01
3.325382294943552974e-01
3.038845795130452054e-01
2.792555064839005174e-01
2.712334830672604724e-01
2.788494054290956981e-01
3.050322981076852846e-01
3.381526355826333097e-01
3.653629198584842919e-01
3.863840613710514127e-01
3.923899278682285163e-01
4.010427432579706797e-01
3.905191065167262776e-01
3.874499463977630342e-01
3.969759350731912884e-01
3.866428551162531257e-01
3.849414729974988680e-01
3.814726248296560485e-01
3.898358318601553019e-01
3.900146049897392775e-01
4.019901769368485756e-01
4.181758334624991469e-01
4.265554352886247180e-01
4.194415738304508312e-01
4.251263937136915416e-01
3.113346206421664375e-01
2.894823446762546104e-01
2.588811419296929150e-01
2.352508602255824199e-01
2.258710944548063537e-01
2.328451199114385251e-01
2.569890581290709686e-01
2.850887240223425878e-01
3.145841283985971737e-01
3.226713092308367004e-01
3.420715435389578007e-01
3.381922497788458215e-01
3.383850931798491057e-01
3.420997810747598011e-01
3.361846210348793940e-01
3.336975289969401626e-01
3.270319320807314467e-01
3.272287105543082997e-01
3.274331587241623986e-01
3.297968288980704932e-01
3.389000448221581308e-01
3.472715760752374536e-01
3.496179249380068077e-01
3.564583721373154601e-01
2.518301211707825726e-01
2.231309862401150423e-01
1.981963692914066877e-01
1.918082104069553928e-01
2.002202082843075326e-01
2.202238600385361955e-01
2.448380281459695273e-01
2.745526893361582843e-01
2.833867461253142817e-01
2.972730764218912136e-01
2.927466678460435290e-01
2.962823732582791636e-01
3.029985132585721330e-01
2.928840835381497643e-01
2.878809325515899742e-01
2.917913240715627188e-01
2.876867463102225075e-01
2.789334733557218282e-01
2.862255022463207066e-01
2.798579770022355806e-01
2.875179478319828119e-01
2.927596482067439942e-01
1.913596579140824372e-01
1.742620279591697574e-01
1.663007432720208512e-01
1.777046861409165568e-01
1.901867914856176511e-01
2.154153064184270161e-01
2.388250705905638205e-01
2.518241637259304722e-01
2.576123839331704857e-01
2.607396839543066891e-01
2.616971678708018834e-01
2.612231220177699265e-01
2.603896655391568227e-01
2.607303711111139122e-01
2.506940010575484656e-01
2.491902114290374115e-01
2.467805057647922684e-01
2.477317180757004633e-01
2.514977347706406907e-01
2.439405095155879055e-01
1.498324596857932844e-01
1.440252785729209672e-01
1.475056414262902460e-01
1.690764718378870157e-01
1.894146345223128303e-01
2.114778306965168497e-01
2.202864222546992157e-01
2.366282865438701366e-01
2.322636943767848461e-01
2.343244869166641875e-01
2.347016118513363114e-01
2.336040329132286208e-01
2.322989006465099315e-01
2.266025536853397693e-01
2.245169619309588527e-01
2.230095371216044009e-01
2.168558973932706857e-01
2.169816479225709083e-01
1.282760154791673934e-01
1.311857268234933593e-01
1.478592795159772710e-01
1.691659963483387874e-01
1.862063906467732732e-01
1.996504757482170656e-01
2.070893519800495741e-01
2.093625809216017319e-01
2.074611487541967170e-01
2.097560592254339162e-01
2.075077748594274241e-01
2.118280257004929445e-01
2.068720070286774737e-01
2.058432941405191619e-01
2.010486002219682711e-01
1.985748270513566227e-01
1.170038593266177623e-01
1.324316795380432454e-01
1.504009262039436856e-01
1.682232260262409851e-01
1.753629447650017770e-01
1.879039313952397261e-01
1.833080456717214868e-01
1.866788364630099228e-01
1.891186850200598235e-01
1.885711289027610094e-01
1.887350263551038632e-01
1.838640902476825212e-01
1.800104443732669368e-01
1.837195418265166746e-01
1.164956685570410627e-01
1.324685115148650505e-01
1.495183312992410252e-01
1.606785480910377650e-01
1.656635642733963465e-01
1.680991679965447294e-01
1.702610731378659537e-01
1.659462827557403874e-01
1.705430329594646299e-01
1.678968714002324336e-01
1.688477490565498396e-01
1.694703223203975484e-01
1.210642760088523756e-01
1.351496412798171565e-01
1.441707796922131746e-01
1.540676278696941348e-01
1.529722846056860153e-01
1.565693583268977507e-01
1.529066292046327158e-01
1.546374144564749420e-01
1.548442771564904064e-01
1.529933665596632797e-01
1.223574755220867144e-01
1.337908650490734486e-01
1.401267834522027522e-01
1.404283815384876344e-01
1.395571330826086698e-01
1.409752961850648523e-01
1.410814496919078898e-01
1.402942249472560743e-01
1.229800972891184341e-01
1.284038074791622464e-01
1.260066781069628661e-01
1.286830618940710547e-01
1.292497033053921218e-01
1.277328780178439427e-01
1.174282107616047843e-01
1.173694308895520400e-01
1.190163882200691442e-01
1.195476340217743322e-01
1.103581349016328622e-01
1.094240307158816372e-01
