-5.239823712518839827e+00
-5.286995281019948756e+00
-5.234296199207690847e+00
-5.278293162987138132e+00
-5.299830901345164769e+00
-5.183036528527940057e+00
-5.275241285273923886e+00
-5.267605241487235190e+00
-5.160600541617027304e+00
-5.265256062717919683e+00
-5.296755644619024039e+00
-5.312307905765959681e+00
-5.362437742677104602e+00
-5.318924423608741847e+00
-5.202174700802181917e+00
-5.342793453380060065e+00
-5.203883113817935779e+00
-5.297588188160059275e+00
-5.218024127499178100e+00
-5.311444446226672333e+00
-5.217459933248653314e+00
-5.312897475404799508e+00
-5.180335931908486735e+00
-5.180816903731000345e+00
-5.184638532168642122e+00
-5.284234688241592259e+00
-5.231644116633637154e+00
-5.282615934781441425e+00
-5.222873390440954111e+00
-5.305399219572176861e+00
-5.275393885475183176e+00
-5.285149139963023046e+00
-5.289871220718456613e+00
-5.123269539206988021e+00
-5.318589933842508444e+00
-5.297748953335340794e+00
-5.199862125692354731e+00
-5.240627557649053969e+00
-5.379214087782623999e+00
-5.298035887041768532e+00
-5.196851840698803571e+00
-5.221531122678466197e+00
-5.295283574155680739e+00
-5.228167019821281514e+00
-5.206705331627864197e+00
-5.264561350519434413e+00
-5.309677445374339833e+00
-1.306497678279910701e+00
-1.337355206683558118e+00
-1.311369741408342726e+00
-1.341107189993697935e+00
-1.320060850188127466e+00
-1.339516044415841378e+00
-1.297716562545944807e+00
-1.321416121545431421e+00
-1.340058341385673479e+00
-1.358362318938183710e+00
-1.320915257369034590e+00
-1.343670720736659163e+00
-1.328676530784412835e+00
-1.328863151135291742e+00
-1.327266889219142154e+00
-1.336768289063933413e+00
-1.317284070583603084e+00
-1.329970508427640086e+00
-1.318147646414057350e+00
-1.329044603735015873e+00
-1.330612151990588687e+00
-1.325608693083152101e+00
-1.346945322841283099e+00
-1.326390013353992092e+00
-1.313240432397566604e+00
-1.343587402517564255e+00
-1.304058901177060470e+00
-1.310575439586837643e+00
-1.331991691879859108e+00
-1.312714651522118414e+00
-1.321452041951115763e+00
-1.322678256713390121e+00
-1.327725639549324210e+00
-1.337517466166933788e+00
-1.327709967690201998e+00
-1.335145403017337973e+00
-1.307845640777672180e+00
-1.318862612966167580e+00
-1.296487065347670331e+00
-1.299523021370019960e+00
-1.316581383533917293e+00
-1.329282559071756298e+00
-1.331734183596600118e+00
-1.320472343300394424e+00
-1.323529935387161016e+00
-1.320422816013747669e+00
-5.250082059733149897e-01
-5.363995400498740018e-01
-5.210722544244151822e-01
-5.283138174463505310e-01
-5.321069898860616432e-01
-5.382317833698972986e-01
-5.391297314770597815e-01
-5.403463416330611668e-01
-5.476109169221862194e-01
-5.339203159593440828e-01
-5.394719370350387067e-01
-5.120071593328805459e-01
-5.138128097884917533e-01
-5.144233636420512124e-01
-5.181634596636667256e-01
-5.201391599992123416e-01
-5.100319255493741544e-01
-5.125848010778512043e-01
-5.220808929350584382e-01
-5.291907095317787135e-01
-5.478195794647457983e-01
-5.414172075047776200e-01
-5.406991898858926060e-01
-5.346916591939970820e-01
-5.317957611877816015e-01
-5.290693649833436707e-01
-5.326599687296543761e-01
-5.374401600621522279e-01
-5.227875818320100176e-01
-5.314790200270743670e-01
-5.258476132891229948e-01
-5.304183163524934796e-01
-5.244273367647274142e-01
-5.298613392603319650e-01
-5.243336096214425979e-01
-5.282570176752555691e-01
-5.241486541795383758e-01
-5.270669073021944095e-01
-5.243968311003520677e-01
-5.252171539809624701e-01
-5.338547782008498110e-01
-5.129043794569552173e-01
-5.311350388802902334e-01
-5.372524664862552424e-01
-5.272229782413171417e-01
-2.661646943258407116e+00
-2.649824918730634860e+00
-2.645422214512597403e+00
-2.646758969649080750e+00
-2.661788778815759038e+00
-2.626816734305289724e+00
-2.647969416283463051e+00
-2.721819555969618776e+00
-2.699409077169352411e+00
-2.709482995698096364e+00
-2.666197223170960307e+00
-2.573365213014291886e+00
-2.553138744093083723e+00
-2.545738841428192512e+00
-2.609956984493520871e+00
-2.632713849962054375e+00
-2.592685316803942985e+00
-2.583804146535200630e+00
-2.662694838594237723e+00
-2.673966290356550868e+00
-2.694276719363184913e+00
-2.661961219480607266e+00
-2.638459327513156705e+00
-2.627342940315094744e+00
-2.651734958912637552e+00
-2.677829674557131057e+00
-2.606716205935634356e+00
-2.618278546650336658e+00
-2.589617294298015349e+00
-2.660548826825730018e+00
-2.701655250386147067e+00
-2.635641870739631187e+00
-2.629453011837104004e+00
-2.700457871290215195e+00
-2.653380800873168965e+00
-2.673927263887745376e+00
-2.665700758982071594e+00
-2.666420132499751627e+00
-2.663569732981807547e+00
-2.618254684984522740e+00
-2.676495987807770760e+00
-2.639653769439315845e+00
-2.654291719533688809e+00
-2.652033267426548768e+00
-6.586394207119649069e-01
-6.659020341987217373e-01
-6.707475104566509305e-01
-6.891082690674343869e-01
-6.743522309282520277e-01
-6.892019011579595400e-01
-6.780979312453130348e-01
-6.721289738559264038e-01
-6.425277265486704081e-01
-6.218956489963264334e-01
-5.778501118614874921e-01
-5.655199733588257560e-01
-5.514722283663434643e-01
-5.629736498824984281e-01
-5.590180239075519530e-01
-5.630146727374594207e-01
-5.823061504252585729e-01
-6.211075357871688185e-01
-6.371079019510480501e-01
-6.703830991053301158e-01
-6.848867430090581632e-01
-6.858823939661657931e-01
-6.874567381577191272e-01
-6.736975629900386897e-01
-6.703072261755322891e-01
-6.787835955261651844e-01
-6.647749497152108944e-01
-6.653169226569851658e-01
-6.640087850487181864e-01
-6.635600496426344863e-01
-6.726352707383231877e-01
-6.760025460583478640e-01
-6.798889336278041151e-01
-6.553562071951432033e-01
-6.570974887315349511e-01
-6.564425151033093098e-01
-6.720355527870814916e-01
-6.768044248661632123e-01
-6.628279689641082273e-01
-6.576658076487342797e-01
-6.602045432375827083e-01
-6.603095776734889677e-01
-2.715586308746346100e-01
-2.700787287343719978e-01
-2.785574353055343400e-01
-2.773660269770940046e-01
-2.795966170116823135e-01
-2.735455688148512032e-01
-2.518833618419015208e-01
-2.294776693943876844e-01
-2.095004267639622164e-01
-1.890849780244556466e-01
-1.824802878029590514e-01
-1.753585906763188706e-01
-1.739231557183883725e-01
-1.763833300652854208e-01
-1.799720180690765337e-01
-1.941255293446547125e-01
-2.083396439618596108e-01
-2.248089169251456521e-01
-2.524104267805891144e-01
-2.660982331449652794e-01
-2.807242489522102646e-01
-2.826052196373614600e-01
-2.761563571486386204e-01
-2.755712601355294611e-01
-2.763183093005452950e-01
-2.679530603631642971e-01
-2.738562473256919705e-01
-2.670107609074624522e-01
-2.667387964777811482e-01
-2.673760294382424574e-01
-2.689710728436548459e-01
-2.667390703413143882e-01
-2.641906475111983621e-01
-2.706094813277236666e-01
-2.706476996761487119e-01
-2.618746983054138777e-01
-2.685123255944398823e-01
-2.687944648607065723e-01
-2.647773256503933026e-01
-2.654177388358142098e-01
-1.774314365842957208e+00
-1.767333947588671128e+00
-1.808897825742323828e+00
-1.777684236108222127e+00
-1.798073129164932116e+00
-1.834085538528144044e+00
-1.796612577884002970e+00
-1.769964800741120170e+00
-1.685197587182036383e+00
-1.639763269050933614e+00
-1.585441661119238344e+00
-1.528843694506054618e+00
-1.534194544690411499e+00
-1.533806035289467351e+00
-1.552317739566188681e+00
-1.587670677269115593e+00
-1.604738406540442197e+00
-1.691354262641176387e+00
-1.785327697080403064e+00
-1.820064868644772904e+00
-1.832188075044869802e+00
-1.812650708871826888e+00
-1.769809634086991768e+00
-1.806776444497995460e+00
-1.765315299649268921e+00
-1.797170772545950479e+00
-1.787856600873410251e+00
-1.779009349863405420e+00
-1.760105439483508505e+00
-1.768812568384681816e+00
-1.742173415250148905e+00
-1.784701651852747206e+00
-1.738137210750385853e+00
-1.756300616585599883e+00
-1.787865006782802135e+00
-1.786140089547338494e+00
-1.799839007507610944e+00
-1.765798736801703850e+00
-1.771361400460404134e+00
-1.755714147361467692e+00
-1.769487539382971431e+00
-4.611650102235319570e-01
-4.634852661797689288e-01
-4.681624007105008589e-01
-4.618200498989460390e-01
-4.318119399017688598e-01
-3.957265235173899609e-01
-3.530294770115700587e-01
-3.248869852660060675e-01
-3.005043741557900105e-01
-2.859601976885856045e-01
-2.755750284651595217e-01
-2.728288679361181024e-01
-2.815362640997435828e-01
-2.808569351420903693e-01
-3.036569746842145423e-01
-3.274804216923937195e-01
-3.591818610672657952e-01
-3.987547294641552997e-01
-4.285487812263345520e-01
-4.484981039000672243e-01
-4.684007425997639973e-01
-4.615085858886769921e-01
-4.603404463241964062e-01
-4.511710895980802771e-01
-4.495446269324578914e-01
-4.511894357547843182e-01
-4.564668665044626650e-01
-4.538292122187165267e-01
-4.414958153315279854e-01
-4.485800315576352060e-01
-4.473372541774112698e-01
-4.446627452219226728e-01
-4.474226257397660445e-01
-4.359166356393956998e-01
-4.482233926691011061e-01
-4.488831561810410764e-01
-4.446410557637620053e-01
-4.409154301218405347e-01
-1.822974617902069494e-01
-1.678852962161792028e-01
-1.516346025354199656e-01
-1.341517445071843395e-01
-1.181737131901822863e-01
-1.061874809533740749e-01
-9.792409868838745923e-02
-9.599227947914050485e-02
-9.665312640133855160e-02
-9.835470190016241954e-02
-9.837181068319185429e-02
-9.653281622636639137e-02
-9.657510100787171370e-02
-9.950216243537370053e-02
-1.037984869305731694e-01
-1.141880641129735113e-01
-1.307598758096771008e-01
-1.493538684432212105e-01
-1.693571924818731422e-01
-1.840861456914395788e-01
-1.878088384103797637e-01
-1.880823573385311809e-01
-1.843453611541927550e-01
-1.839401836663656087e-01
-1.831372035641362916e-01
-1.807775136387306247e-01
-1.775474194407133666e-01
-1.792605193510344308e-01
-1.803370837071761601e-01
-1.788139488212850681e-01
-1.780361981043373232e-01
-1.776806475208404790e-01
-1.798182187353493389e-01
-1.783260859626779049e-01
-1.757980453729352244e-01
-1.376646582386378048e+00
-1.374235385842754953e+00
-1.385801296899748625e+00
-1.369134599865188484e+00
-1.338203336655041653e+00
-1.277647765445472761e+00
-1.215638949505858157e+00
-1.128101910822568721e+00
-1.048024211663854954e+00
-1.017395572489417699e+00
-9.833998206923977303e-01
-9.739184372731668482e-01
-9.774352783571083059e-01
-1.006053251408250082e+00
-1.056867682747870685e+00
-1.103576940412196006e+00
-1.203172684233858813e+00
-1.256309236670724694e+00
-1.331110957718637744e+00
-1.360325513921800455e+00
-1.379491131300754958e+00
-1.358534353216887869e+00
-1.367579285457362070e+00
-1.368423039337133273e+00
-1.340277973470274109e+00
-1.338433382938164717e+00
-1.360666324956146811e+00
-1.315046166571130160e+00
-1.322192300348066230e+00
-1.324527885062754207e+00
-1.326612542641002035e+00
-1.339389918280094793e+00
-1.333090886336785852e+00
-1.315146951989034863e+00
-1.331075685026124722e+00
-1.308567259564575647e+00
-1.326098276980177459e+00
-1.315121618254551761e+00
-3.274312546808825219e-01
-3.035820026602894517e-01
-2.732293564839673450e-01
-2.368879631163801902e-01
-2.159059941344760036e-01
-1.990484603545945586e-01
-1.862882394364570315e-01
-1.849996026219054013e-01
-1.866143453438333377e-01
-1.856597395711832299e-01
-1.834491817734227870e-01
-1.822585487038569374e-01
-1.885110203494632930e-01
-1.961446689789358711e-01
-2.147390854759746726e-01
-2.405753396195200455e-01
-2.735848149995676604e-01
-3.053444591220516036e-01
-3.277759813378164355e-01
-3.479768647490819045e-01
-3.509798516474920138e-01
-3.441133272214123018e-01
-3.531761737388760536e-01
-3.497590361709737028e-01
-3.406224448631043900e-01
-3.409338632574366867e-01
-3.401204483445923743e-01
-3.370515811174922272e-01
-3.347288756365584539e-01
-3.332214796508053967e-01
-3.351539870535381604e-01
-3.396013125407995603e-01
-3.288941212260869662e-01
-3.377550907903770772e-01
-7.827054401000281547e-02
-7.328828734318869331e-02
-7.190803748985070964e-02
-7.417906383407318893e-02
-7.675620928433139756e-02
-8.101059566845211779e-02
-8.256317017007604175e-02
-8.441579523007107511e-02
-8.279631896991218598e-02
-8.007358749282154908e-02
-7.666344958846907365e-02
-7.354224867981346003e-02
-7.261095403504000401e-02
-7.295235716297768236e-02
-7.937101597741319514e-02
-8.697700264620614186e-02
-1.004065762203494583e-01
-1.174812732399563714e-01
-1.307043625744337967e-01
-1.414180044376076861e-01
-1.452671189323469503e-01
-1.432173064804624085e-01
-1.420896033783565215e-01
-1.431618216700504542e-01
-1.407321072776067106e-01
-1.371546757015101592e-01
-1.384433401799145813e-01
-1.380490026931743552e-01
-1.354751028680702130e-01
-1.337940859173348263e-01
-1.090231430830921111e+00
-1.094120626671033492e+00
-1.037191321450298132e+00
-9.911221295013473709e-01
-8.885357436331913217e-01
-8.298335848514313273e-01
-7.533064405951356290e-01
-7.242787995366294362e-01
-6.976692734855524103e-01
-6.737050036791530916e-01
-6.756147270654248027e-01
-7.023872234424882732e-01
-7.100552815259245643e-01
-7.621442562844884527e-01
-8.145742092252623578e-01
-9.032122277781179376e-01
-9.660187331158597290e-01
-1.039025991162177975e+00
-1.077223663140694843e+00
-1.088217377198968050e+00
-1.127317303277310723e+00
-1.094549723986258938e+00
-1.090640899085070448e+00
-1.070321792943887962e+00
-1.086005560509326617e+00
-1.071354417977248952e+00
-1.078096906537380661e+00
-1.082911061835203581e+00
-1.072032747518865570e+00
-1.070924459256165751e+00
-1.086486035461480926e+00
-1.081441726710172135e+00
-1.047076007789508267e+00
-1.057296906030234629e+00
-1.050966101580149692e+00
-1.805564365527585480e-01
-1.606876573565808597e-01
-1.520516641742082342e-01
-1.497998894698573391e-01
-1.497086581547168449e-01
-1.527027835140719603e-01
-1.577321052717891581e-01
-1.582818322450828541e-01
-1.597688201365635718e-01
-1.538860641322187250e-01
-1.485881465591729345e-01
-1.463928196057744935e-01
-1.508886153145066467e-01
-1.595287531493790323e-01
-1.773572163576490612e-01
-1.989304804176275088e-01
-2.244617028306007400e-01
-2.496655093429177019e-01
-2.692012725059480527e-01
-2.767326835990735479e-01
-2.853525583565388879e-01
-2.820353361177952989e-01
-2.891769039471900893e-01
-2.776179368620616539e-01
-2.767659844210792475e-01
-2.745980727480651362e-01
-2.729375729279256979e-01
-2.712970190744679599e-01
-2.712332443383064784e-01
-2.661006391776739033e-01
-6.714874539097329120e-02
-7.150850458076576932e-02
-7.271545604236316629e-02
-7.673989638379766220e-02
-7.799224757980004197e-02
-7.768017341362108696e-02
-7.563829067460618727e-02
-7.396853580396034467e-02
-7.143430541876670536e-02
-6.785071036394040023e-02
-6.469761148223315828e-02
-6.071946297413077787e-02
-5.916890110896579069e-02
-5.990645614581524558e-02
-6.668725234000962010e-02
-7.510375481864568770e-02
-8.616670354847132118e-02
-9.834999624069852564e-02
-1.061082785385132204e-01
-1.125932160131158377e-01
-1.134113774508452577e-01
-1.147986837476757949e-01
-1.141214922078988420e-01
-1.137356531667771675e-01
-1.110077136392923214e-01
-8.330454745002878747e-01
-7.730793720847511930e-01
-7.059486281680135145e-01
-6.325272015693804706e-01
-5.939709143408892222e-01
-5.521904763256599846e-01
-5.327019259186980271e-01
-5.312569092102464863e-01
-5.167516074040718888e-01
-5.189296600955430883e-01
-5.283438997914788882e-01
-5.548880724048551594e-01
-5.813077456754903727e-01
-6.323173918090877477e-01
-6.998789469959120213e-01
-7.712995971795184591e-01
-8.285988206822522129e-01
-8.790845073887026961e-01
-9.128236448170747863e-01
-9.178287957700705935e-01
-9.262287846532254454e-01
-9.167327300024481485e-01
-9.078609425751348327e-01
-9.094616414712864971e-01
-8.969908817512096677e-01
-9.067236371445887011e-01
-8.957189492529746833e-01
-8.936424035431531632e-01
-8.976846199004530069e-01
-8.927088860452900843e-01
-8.777101171680887770e-01
-8.794313921894739705e-01
-1.287020705564109191e-01
-1.311327672018529344e-01
-1.364250969543553960e-01
-1.425355533042693412e-01
-1.440934748184390934e-01
-1.460368630365021514e-01
-1.453233996509994408e-01
-1.458946698943977549e-01
-1.382813133647298742e-01
-1.307078856419109092e-01
-1.266438265433116328e-01
-1.253646189360734520e-01
-1.279900978435523085e-01
-1.424593276214926596e-01
-1.535968132285797927e-01
-1.746357628211523405e-01
-1.961432649790884886e-01
-2.152091975367889654e-01
-2.262746605838654168e-01
-2.314304635675100696e-01
-2.401923027115429321e-01
-2.390307828571486826e-01
-2.370982539090631114e-01
-2.348367456663376651e-01
-2.334019898323476949e-01
-2.261175697600440182e-01
-6.984358446138759502e-02
-7.007074481825521783e-02
-7.000705902782192180e-02
-7.112033265578608654e-02
-6.925651031708672523e-02
-6.882754104660043781e-02
-6.686990659406519266e-02
-6.416300304380082031e-02
-6.095645814433311993e-02
-5.706477506088912521e-02
-5.420971475283531404e-02
-5.231958245605046465e-02
-5.117789546662180472e-02
-5.376768177292173129e-02
-5.895395378066568826e-02
-6.596356918097234789e-02
-7.405734959017484798e-02
-8.480985201144898566e-02
-8.991885952670805593e-02
-9.531181816580105992e-02
-5.709247999621307468e-01
-5.235895502892519149e-01
-4.789184256345742630e-01
-4.558669823039562252e-01
-4.436480633213567004e-01
-4.442080794188245640e-01
-4.393563661035612133e-01
-4.399338098783718842e-01
-4.379756631377347831e-01
-4.466089025841230575e-01
-4.528592545245986312e-01
-4.860015141242771675e-01
-5.153118079809999585e-01
-5.698333793223880894e-01
-6.329714382501506753e-01
-6.942943992649219798e-01
-7.332907685157625810e-01
-7.600475912142046209e-01
-7.806573700233719881e-01
-7.795316250157282578e-01
-7.933908544774667115e-01
-7.954543156391423731e-01
-7.912199164341429114e-01
-7.826582464903716341e-01
-7.751276256256419694e-01
-7.629183209254105646e-01
-7.716160155504041551e-01
-7.672816280904333208e-01
-7.746302660941410956e-01
-1.322122139745059155e-01
-1.365888556158791067e-01
-1.384244559307055422e-01
-1.371328567513048491e-01
-1.387208926340604276e-01
-1.372742026600610732e-01
-1.333265463508121473e-01
-1.255908262120061514e-01
-1.191705854568733264e-01
-1.153110472863024538e-01
-1.105255739330840009e-01
-1.113017137090196729e-01
-1.179572228075238677e-01
-1.300197245636745824e-01
-1.439582717648222876e-01
-1.609094969491246252e-01
-1.746644135257749697e-01
-1.870779863364067097e-01
-1.994996739245079587e-01
-2.037029200205718871e-01
-2.008273297925670664e-01
-2.032295005306612168e-01
-6.397956846843942669e-02
-6.516459125944690234e-02
-6.297339603921132956e-02
-6.355013550931984390e-02
-6.165600963962274139e-02
-6.056592087924556056e-02
-5.904396015734893199e-02
-5.576723652722095914e-02
-5.237209425011135622e-02
-4.900792117595523939e-02
-4.611519846837926900e-02
-4.542976653763970002e-02
-4.568689208533509294e-02
-4.979940425650298402e-02
-5.489491484940053206e-02
-4.153754872689401911e-01
-3.890725596138551179e-01
-3.910244053455918523e-01
-3.914736005848435396e-01
-3.965890559027319129e-01
-3.932049683299304044e-01
-3.907063014710550619e-01
-3.835125677828595814e-01
-3.885661396976284321e-01
-3.975899173433937173e-01
-4.105541379483251263e-01
-4.451757159635504335e-01
-4.824297018530361303e-01
-5.287092150122013612e-01
-5.837227116874835753e-01
-6.080716013441026524e-01
-6.583739172502883763e-01
-6.644690861157239725e-01
-6.904177333017947893e-01
-6.959934508702075862e-01
-6.891590318560633088e-01
-6.961609135712159002e-01
-6.914768069277219542e-01
-6.739070402434476081e-01
-6.767268235398024023e-01
-6.846392048377695216e-01
-1.278481845055951527e-01
-1.292825261684080462e-01
-1.275014281534762872e-01
-1.284490192933746833e-01
-1.268830712078368728e-01
-1.221878130321250311e-01
-1.166662380535096744e-01
-1.112436527586927737e-01
-1.015530138615195616e-01
-1.007113666411267733e-01
-9.984007523472616941e-02
-1.044986983452929480e-01
-1.096365220737148954e-01
-1.232356142995058162e-01
-1.345141419942451899e-01
-1.479689277184112750e-01
-1.557413522391737914e-01
-1.663327195309617368e-01
-5.795594556973547584e-02
-5.783254438936564351e-02
-5.761095219448545551e-02
-5.664699269125598319e-02
-5.651347836845273254e-02
-5.334441554381776779e-02
-5.049949299607981584e-02
-4.833030724427930108e-02
-4.550734288299791708e-02
-4.308545050596513520e-02
-3.497748340983093396e-01
-3.549352063574136573e-01
-3.643871343799592877e-01
-3.671555593826620334e-01
-3.778707920662671693e-01
-3.623761041619074641e-01
-3.604670987022602358e-01
-3.521789012941474728e-01
-3.513919920123770857e-01
-3.705218505258578987e-01
-3.857289869476859256e-01
-4.274844818338016661e-01
-4.574833723912825056e-01
-4.961481580404787928e-01
-5.274583625059247050e-01
-5.582327841523303524e-01
-5.805908123443888069e-01
-6.010882253637002126e-01
-6.107957341411243135e-01
-6.109381347641111848e-01
-6.080051172806817394e-01
-6.180517722279941228e-01
-6.071018304053351633e-01
-1.213668264996308060e-01
-1.199173154323460444e-01
-1.185633739639369577e-01
-1.179962810792988953e-01
-1.128382187637973627e-01
-1.092092008184149671e-01
-1.036694632020893070e-01
-9.901496574899262826e-02
-9.339810623916895704e-02
-9.431245214539445143e-02
-9.325533626370768880e-02
-9.823535380035545994e-02
-1.057106170619370872e-01
-1.141948883132016951e-01
-5.329597310147122374e-02
-5.214348067747529014e-02
-5.163035717442083367e-02
-5.037986350888048331e-02
-4.934817605215811864e-02
-3.452667237143066115e-01
-3.454545316931637577e-01
-3.495028693049333501e-01
-3.506453708562504157e-01
-3.361884686311309989e-01
-3.306521675348915168e-01
-3.319550551030101548e-01
-3.217824389015284114e-01
-3.325595975987681308e-01
-3.452657830140781203e-01
-3.723287510704598735e-01
-4.070372425895980029e-01
-4.311576531459165307e-01
-4.576917356366471679e-01
-4.869202148397521746e-01
-5.144837807140602015e-01
-5.289473897774259470e-01
-5.453538156790460611e-01
-5.529203513766609568e-01
-5.558745197732967158e-01
-1.118098430735277177e-01
-1.116505335297585527e-01
-1.101929329775809402e-01
-1.081572349595361637e-01
-1.033438178346470088e-01
-9.398950807544945163e-02
-9.255503081012095290e-02
-8.547370317065557110e-02
-8.626505330274916727e-02
-8.546705838860856053e-02
-3.316477787112809827e-01
-3.277155168827278198e-01
-3.334060432108747474e-01
-3.221036619329109563e-01
-3.158781850365509625e-01
-3.097089723549880103e-01
-3.011735261196465396e-01
-3.067619423155266700e-01
-3.122669461420951587e-01
-3.406627271189411332e-01
-3.674271970243866980e-01
-3.917231355262130732e-01
-4.154004244271365387e-01
-4.307441121400530926e-01
-4.559381400102562321e-01
-4.635244109414047298e-01
-4.818212937235525906e-01
-1.033925175798735829e-01
-1.024866934330223439e-01
-9.861253799753860738e-02
-9.507576889949352628e-02
-8.979157879206604853e-02
-8.501388226612303922e-02
-3.189177462538542729e-01
-3.113466053370632647e-01
-3.053111354803674238e-01
-3.007935552615592090e-01
-2.911427641355777696e-01
-2.815736608276763198e-01
-2.821686630575550581e-01
-2.891442301982422580e-01
-3.081050716452797822e-01
-3.283945373662013889e-01
-3.601252506217196281e-01
-3.777540597364206221e-01
-3.905884212777071540e-01
-4.085255555520188042e-01
-9.658671148221956160e-02
-9.386060067667680029e-02
-3.035836676577699511e-01
-2.948917667980563428e-01
-2.856554032018577827e-01
-2.741623387211412077e-01
-2.655225134527458564e-01
-2.644739021653200184e-01
-2.714478870003890210e-01
-2.871870970773536813e-01
-3.103547393679407795e-01
-3.259819736614120167e-01
-3.377135888045313394e-01
-2.794620905446886794e-01
-2.706037709414343961e-01
-2.617592098808189105e-01
-2.549858352129711903e-01
-2.518638867157318995e-01
-2.571795860257529709e-01
-2.674935033962546060e-01
-2.784700479805177764e-01
-2.612299435089024402e-01
-2.505528631940860396e-01
-2.426290476248920414e-01
-2.465348379155533898e-01
-2.449241794505035708e-01
-2.370552946038168018e-01
-2.295549610496082360e-01
