-5.659292595466277831e+00
-5.635480706201104972e+00
-4.926390501856559467e+00
-4.290345730289774728e+00
-4.134454507145273183e+00
-3.966281514106949402e+00
-5.219165357119991633e+00
-5.929046143232014288e+00
-5.003591114831372977e+00
-4.083551881816379847e+00
-4.755004979205287086e+00
-6.547342007955572640e+00
-5.600060965793184131e+00
-5.226622876499495085e+00
-4.828009727606298540e+00
-6.744454347206102263e+00
-5.574298655904749822e+00
-4.205953715284635130e+00
-7.036932439886348867e+00
-3.616788291416326295e+00
-5.947769502826424137e+00
-4.905713468046984715e+00
-6.625180057575254189e+00
-7.141688326467813042e+00
-4.618624550365085568e+00
-5.024365521279284152e+00
-6.278736551080443817e+00
-4.072672015600260487e+00
-6.336549624473772901e+00
-4.275405837689214117e+00
-5.348608513151158483e+00
-5.534104862477406073e+00
-5.614348459650516432e+00
-6.019512953392820442e+00
-4.958233277850990994e+00
-5.810664634051638799e+00
-4.220381823673272415e+00
-6.679954554319040838e+00
-4.146518857949910597e+00
-4.864130756835628233e+00
-6.375985981477161779e+00
-3.712011590649788140e+00
-5.541847073358661113e+00
-6.072883373276837915e+00
-6.094612852027210259e+00
-6.352222117026844472e+00
-8.234003074735278815e+00
-1.099009724075016292e+00
-1.483793279896189921e+00
-1.241145141010733699e+00
-1.103790134465557404e+00
-1.313940113464641568e+00
-1.132583461744039566e+00
-1.026040760702217947e+00
-1.704730573754666301e+00
-1.565511228085990414e+00
-1.408470252588917448e+00
-1.496064678479881893e+00
-1.205095260542254909e+00
-1.573174081792472867e+00
-1.291800517141955318e+00
-1.738073420752026532e+00
-1.477076652606542639e+00
-1.664506244111861655e+00
-1.198210978625722678e+00
-9.342749596520496524e-01
-1.240476519851740456e+00
-1.550497761998351542e+00
-1.354754690520006077e+00
-1.131980241418131916e+00
-1.498983455390013209e+00
-1.358917484777503182e+00
-1.184189155849152186e+00
-1.192993679402038154e+00
-1.474648755242452536e+00
-1.744295311969658036e+00
-1.485478099784646622e+00
-1.424683568240874276e+00
-1.539923448415982055e+00
-1.757594795874592108e+00
-1.093187264136383341e+00
-1.581773169097446807e+00
-1.398408935016065779e+00
-1.293061897839745900e+00
-1.366772560770046718e+00
-1.422272775882827300e+00
-8.452132923544986021e-01
-1.854933487746764698e+00
-1.636829363112271674e+00
-1.244323375515224539e+00
-1.133521576745664339e+00
-8.008250953267448402e-01
-1.388777505879980056e+00
-6.557767674284945558e-01
-4.618761204863795489e-01
-7.723713894869357333e-01
-4.430756062315471810e-01
-3.960849124338029492e-01
-4.890211371606654756e-01
-5.529615344840007607e-01
-6.555382293757350265e-01
-4.494804589557084840e-01
-4.928604177247890572e-01
-2.446273284805382531e-01
-5.043659208981604580e-01
-6.341781475144117053e-01
-4.216900003000393360e-01
-5.225162321335051763e-01
-6.884390663425989931e-01
-5.547515312452129255e-01
-6.050900508676202438e-01
-5.492141409243826988e-01
-5.360717600598168264e-01
-4.581289176876465752e-01
-3.977975376553991027e-01
-5.716209445163290548e-01
-5.616359891346524025e-01
-5.159756987075367896e-01
-5.283827583711506737e-01
-4.048031850186422087e-01
-4.705447055899633080e-01
-5.380336544516268749e-01
-6.885373687590405911e-01
-6.242888706925771025e-01
-7.241277598584929809e-01
-6.344287259718877081e-01
-3.593603068927744282e-01
-6.269176245483536469e-01
-5.241081185928201380e-01
-4.805446684678240099e-01
-6.164328698667953521e-01
-4.105705259161212539e-01
-5.188595872737860049e-01
-4.784859622545244995e-01
-3.602671682332012626e-01
-3.729932375420952351e-01
-4.297063907415826778e-01
-3.588086745535259414e-01
-2.623166383302046878e+00
-2.988919475413587712e+00
-2.418412408397490498e+00
-3.023937717439244111e+00
-1.554867172323030733e+00
-1.654548736870227188e+00
-2.618197687708370136e+00
-2.397184742458990048e+00
-2.636450226078577597e+00
-2.954399915783435304e+00
-3.208395169912380052e+00
-2.027815346466983026e+00
-3.334853718486142871e+00
-2.414380251573328806e+00
-3.155615862460448895e+00
-3.081208134774219953e+00
-2.464369185195892875e+00
-2.675645412348965912e+00
-1.499128668038494538e+00
-2.216374137197328231e+00
-1.828614766952038728e+00
-2.279269730475503852e+00
-2.858017361594133998e+00
-1.836030411103361182e+00
-1.946481052403600032e+00
-2.069456668115580822e+00
-2.524293148840611511e+00
-2.200683068384683416e+00
-2.128118647288347542e+00
-2.120316728650879057e+00
-2.667283053179139163e+00
-2.354814834844745075e+00
-2.250621386249646694e+00
-2.859399582060640377e+00
-2.391228777279988726e+00
-2.397750575072981061e+00
-2.508095680706686537e+00
-2.662461414341060095e+00
-3.220660229854680701e+00
-2.637095003119223513e+00
-3.684946735128211692e+00
-3.125502703937188542e+00
-1.713699275276576950e+00
-3.121197743362258414e+00
-5.457323856602551704e-01
-5.022420626587696946e-01
-6.297011216779521137e-01
-6.900037684338360400e-01
-7.098140146530667050e-01
-6.232743972298093738e-01
-6.728179670721328165e-01
-5.974062695858762817e-01
-6.242633196166229581e-01
-3.464849489480071321e-01
-7.741726260049324182e-01
-5.301336393574872519e-01
-4.974937455775577111e-01
-4.470452944579925147e-01
-3.467458100279597888e-01
-6.699855248023939280e-01
-6.836023589431636793e-01
-7.173769911013231360e-01
-9.321662281532900884e-01
-3.977631412376641529e-01
-1.044739119540298633e+00
-6.359280218947590546e-01
-7.316784899316657320e-01
-8.287509816728636514e-01
-8.650952627742397594e-01
-3.971317020508434714e-01
-6.495052560442843292e-01
-7.469156038173236922e-01
-6.454416611030225903e-01
-5.907618362630355779e-01
-4.765582830893001498e-01
-1.071323468932051437e+00
-6.498492151800133731e-01
-6.375751680215502315e-01
-6.267211800327668891e-01
-5.412075248798483562e-01
-8.084581223626641222e-01
-8.402521705011495312e-01
-4.267139013908393119e-01
-4.955892300409753259e-01
-8.074831164962379404e-01
-7.434013336234410740e-01
-3.621210599147066111e-01
-2.647895619460031713e-01
-3.446344312253176723e-01
-2.764182731705868146e-01
-2.791746426866437147e-01
-2.387220739084602583e-01
-3.366782030218564703e-01
-2.190949997509080149e-01
-2.162134546812416458e-01
-1.757288814041681191e-01
-1.358981203943839255e-01
-1.419979150387475908e-01
-1.516643020993628244e-01
-1.226310889061384135e-01
-2.153191758002941103e-01
-1.828933856573644878e-01
-1.955003820020891347e-01
-2.486226860089054691e-01
-2.129170614193701405e-01
-3.004290735322552308e-01
-2.408433318399034184e-01
-3.000302678200659767e-01
-2.292907462426599652e-01
-2.788859672930456002e-01
-2.876436739634544160e-01
-2.475959340510908158e-01
-3.305633495036823799e-01
-3.032949411510346138e-01
-2.718413720151061086e-01
-3.177614288530929421e-01
-3.000589403516983888e-01
-2.055740867291009355e-01
-2.202753182143165067e-01
-2.316485262097034425e-01
-3.083779152128423573e-01
-2.389408395274922881e-01
-2.214901700774237758e-01
-2.075777283535163720e-01
-2.558299522445654506e-01
-1.948356484169628255e-01
-2.108558059669934259e+00
-1.693234053745437118e+00
-1.747637640399884340e+00
-2.102934977909198810e+00
-1.842645177829314029e+00
-1.699229725677452896e+00
-1.980665933735279660e+00
-1.692356265983957053e+00
-1.489028915653113794e+00
-1.381588631886185636e+00
-1.538149787476587260e+00
-1.698544835070090020e+00
-1.724578037927949392e+00
-1.602005645936244393e+00
-1.670984665536831226e+00
-1.849927997602361707e+00
-1.526793826491754658e+00
-1.260179870880203445e+00
-1.765898678426014001e+00
-1.347367534550690804e+00
-1.849256757494755599e+00
-1.528394580500878508e+00
-1.779047334009756565e+00
-1.539048907282397405e+00
-1.882318941654946842e+00
-1.560078260943718265e+00
-1.887648296078958898e+00
-2.674138246629312210e+00
-1.658362614204716978e+00
-2.374554907348533472e+00
-1.677443923045589314e+00
-1.895558440302866909e+00
-2.356314300029610731e+00
-1.598231489409657868e+00
-1.976036260049818694e+00
-1.632672222844174348e+00
-1.352980878345058535e+00
-2.549399857734645725e+00
-2.413790630909625090e+00
-2.166706588899908414e+00
-1.697210003368589515e+00
-3.377354682174480427e-01
-4.508673655065927877e-01
-4.402921198096840238e-01
-5.533093020494196379e-01
-3.066775032806962065e-01
-4.146959457127171178e-01
-4.463978583300844960e-01
-2.640145090175420317e-01
-3.178880433737870659e-01
-2.668893106895141587e-01
-2.394044816001276998e-01
-2.543365280980005583e-01
-3.032121687836841772e-01
-3.138786899539403041e-01
-3.353662357749792600e-01
-3.229252521501783657e-01
-2.146039633917105338e-01
-4.247304318689781866e-01
-5.368407731257534010e-01
-4.475753727778235547e-01
-2.149553727053862273e-01
-4.687550633702314840e-01
-5.397954913664383403e-01
-5.226455196658353897e-01
-4.312809947766150231e-01
-3.284456987367600500e-01
-4.950130868487441771e-01
-6.692850199717326198e-01
-4.562904820953098683e-01
-4.351271183407487975e-01
-6.120185383010409153e-01
-4.181718904710149398e-01
-2.552232350031569119e-01
-4.438864954484092462e-01
-3.866678578618749085e-01
-4.141905177365214907e-01
-3.867570949948566650e-01
-5.688494082048600742e-01
-1.564740394474654628e-01
-1.629479566694864712e-01
-1.664113603929696927e-01
-1.039768836580669820e-01
-1.325669197516232689e-01
-8.465232555253929259e-02
-1.079828373089829208e-01
-1.023093676738353053e-01
-7.722960168818340798e-02
-8.117125792481745539e-02
-7.943181289197048800e-02
-9.829340392199113763e-02
-9.700349182730359787e-02
-9.345549976608856502e-02
-5.486040763479708288e-02
-1.213994534624103921e-01
-1.508868549061258835e-01
-1.707423436521873505e-01
-1.785442805719317239e-01
-2.043987051577375869e-01
-2.421648067715794495e-01
-1.877248451006993946e-01
-2.253326513068664716e-01
-1.244388216778209710e-01
-2.662103537321845459e-01
-1.710978895622735085e-01
-1.555823222304173470e-01
-1.633005996831712325e-01
-2.262916499643036206e-01
-1.223750767008593698e-01
-2.514873414818861175e-01
-2.198257563484169175e-01
-1.740258585376743827e-01
-1.747855771714257322e-01
-8.708188505196536033e-02
-1.265672675366424027e+00
-1.087478780504589571e+00
-1.429849778573282659e+00
-9.584437720048586407e-01
-1.301049310213942434e+00
-1.246018932699410664e+00
-7.139530412509778046e-01
-9.738977643200522616e-01
-1.153666309848072835e+00
-1.235179232355432255e+00
-9.927328402712222166e-01
-1.051329246444112853e+00
-3.773966305668262633e-01
-1.167168039973833338e+00
-1.114752072831410645e+00
-1.192184924832742299e+00
-1.652904584937969101e+00
-1.426701254938468333e+00
-1.233961526782556550e+00
-1.632575219911982511e+00
-1.453496295387760373e+00
-2.091674131942871995e+00
-1.266848428703688967e+00
-1.545877508412146106e+00
-1.927404987190877161e+00
-1.499784265492451807e+00
-7.403293566816010474e-01
-1.293323760497477437e+00
-1.759599618377066577e+00
-1.339633518249886412e+00
-1.551778824577189742e+00
-1.518550895308035775e+00
-1.508568276944825648e+00
-1.529693494353049132e+00
-1.152447614531452835e+00
-1.798790317454948440e+00
-1.313379498055085914e+00
-1.428640811505803798e+00
-2.807959854174035819e-01
-3.575516744225425980e-01
-2.453014852565824355e-01
-2.586419003252287130e-01
-1.444622616381202040e-01
-1.779227309555873049e-01
-1.658831490817251897e-01
-1.867065400386711815e-01
-2.007389840520504010e-01
-1.903866456226374348e-01
-1.439232235666245419e-01
-2.532105833726147615e-01
-1.662912905343046088e-01
-2.648018711662109004e-01
-2.621747664575121428e-01
-1.806895176161367189e-01
-2.011311573058970070e-01
-2.089181748305707076e-01
-4.306447706367019235e-01
-3.351781258343572434e-01
-4.003804317908753463e-01
-4.553034272583842412e-01
-3.174527738058494641e-01
-3.673853532331913252e-01
-2.975536165206157380e-01
-3.879947878542511219e-01
-5.202988294511013967e-01
-4.432686131798087570e-01
-2.797458508640424668e-01
-4.153199984518929355e-01
-2.662370251334745808e-01
-3.116742004241753183e-01
-3.482703522931951401e-01
-4.398823238965817173e-01
-9.123778485992220522e-02
-6.429875166562443178e-02
-6.086855273049020243e-02
-6.531660282725189337e-02
-8.457375879218957671e-02
-6.854671911385075422e-02
-1.092461579180281361e-01
-7.538941479372132659e-02
-1.109196459943840168e-01
-8.835627263692559519e-02
-1.017124677083066642e-01
-4.561399116470263304e-02
-7.199060454190819858e-02
-8.805784669508634477e-02
-4.115995975721932487e-02
-8.419049649207251129e-02
-1.188917503342655363e-01
-1.046865169776248633e-01
-1.093665012429109740e-01
-1.562613274540048947e-01
-1.557394428712916279e-01
-1.202274322205526963e-01
-1.135475759385537187e-01
-1.082705391393399275e-01
-1.404894597316749816e-01
-1.109596979114139959e-01
-1.184614076767450397e-01
-1.295874034340500081e-01
-1.188830911929533440e-01
-1.460694333625524033e-01
-1.163528143369692902e+00
-1.255536376447682123e+00
-1.186252067999439275e+00
-1.136330194367962676e+00
-1.001678336362837207e+00
-9.123237869788374255e-01
-7.737073773664562282e-01
-6.648631374684307316e-01
-7.724151241824012137e-01
-6.370411974403379363e-01
-7.329674702029507216e-01
-7.403517391121258173e-01
-6.410069242422692382e-01
-5.671426582507104186e-01
-8.318525586592057097e-01
-9.060442781537704215e-01
-1.557433125060741386e+00
-8.719871877165485952e-01
-1.650930238541187922e+00
-1.207283986434231737e+00
-1.145863949332243781e+00
-1.066428704813565220e+00
-1.198184986015265352e+00
-8.551307949439999057e-01
-1.074477536949322021e+00
-1.280155038970983039e+00
-1.474727601739120653e+00
-7.457737319045760760e-01
-1.136995287006397515e+00
-1.520184893693895756e+00
-1.321729603499240957e+00
-1.609600153240606346e+00
-1.027913135608669259e+00
-1.216113117475124294e+00
-9.641098848735992766e-01
-1.647047050176691785e-01
-2.174291780228311266e-01
-1.148478051327912475e-01
-1.724993495379650854e-01
-1.361800100804617664e-01
-1.529415268358443325e-01
-1.288919346516714248e-01
-1.666281105809104546e-01
-1.797981454094404741e-01
-1.466931460352960126e-01
-9.931359323318100785e-02
-1.163107653356682814e-01
-1.620010258363067113e-01
-1.210538548439542422e-01
-1.489626978163661186e-01
-2.351970450638020127e-01
-1.995772663038411776e-01
-2.697337601341815438e-01
-2.908921649732852943e-01
-2.540068306635193118e-01
-2.048270355904280859e-01
-1.758943110864832904e-01
-2.420576137045589993e-01
-2.600481698056285040e-01
-3.585880581277651191e-01
-2.579033395956233377e-01
-2.640190695848026459e-01
-3.943817629430136917e-01
-2.965685923726694151e-01
-2.548711909912662055e-01
-6.352269196127682815e-02
-7.382232134544602919e-02
-8.591612137022755502e-02
-7.638875055235137823e-02
-5.227756687224793808e-02
-7.383586071755250668e-02
-9.236855006211378005e-02
-7.669770550112424423e-02
-4.783450835507192106e-02
-7.666473102775744897e-02
-4.650163431783221890e-02
-5.238605227940346803e-02
-7.078055692250354025e-02
-4.705185932758688960e-02
-7.056270360802528729e-02
-8.710394184193294420e-02
-8.260193102069622595e-02
-1.372289348746791871e-01
-9.165984836845479655e-02
-1.134100592880354780e-01
-1.042776348907052675e-01
-1.236557535609928565e-01
-8.122249128324778022e-02
-9.746833609961469413e-02
-1.155696129070232919e-01
-1.072755595871615952e+00
-7.886749304527974624e-01
-5.736030365239298545e-01
-5.349862072081118525e-01
-5.737784543028775497e-01
-3.662900474789448912e-01
-4.960259532411122052e-01
-4.801092573622752768e-01
-3.330888791913809710e-01
-5.157626146888266705e-01
-3.916723436180905571e-01
-4.128970978840636463e-01
-8.495936476763019662e-01
-6.470140247504088116e-01
-6.159791582347429184e-01
-8.385665109413911189e-01
-9.482014722879280599e-01
-9.274888039762674286e-01
-8.040739015162966519e-01
-8.123926708073280212e-01
-1.213177141759512079e+00
-7.575250910473327881e-01
-7.726305204681245264e-01
-7.547588932101614301e-01
-1.085875076502210490e+00
-9.125546035410431189e-01
-9.775240082024747590e-01
-9.378270499009478955e-01
-7.927224070460325844e-01
-7.681028621028537229e-01
-6.704785221738288614e-01
-4.879431288677362755e-01
-1.651670135459847588e-01
-1.135490536163910186e-01
-1.299921724263409240e-01
-1.493032740270336389e-01
-1.704658314711246236e-01
-1.412328837268185810e-01
-1.558118136321522684e-01
-1.792822039300377979e-01
-1.158288014732649918e-01
-9.913347670251487775e-02
-1.291634810830492308e-01
-1.210921272525063291e-01
-1.266824036947313270e-01
-1.749984344240170797e-01
-1.505521842153119960e-01
-2.392743378899375717e-01
-1.603061379926122854e-01
-2.197437563701515328e-01
-1.982906288910586678e-01
-2.089641870001119339e-01
-2.603913730654942582e-01
-3.261999825158501953e-01
-1.616265706298807281e-01
-1.853515257558911444e-01
-2.748448999546759253e-01
-2.202495950094651156e-01
-5.895741921181846257e-02
-5.985486597690261451e-02
-6.999252437269892768e-02
-9.073797545891250371e-02
-6.312115093295923851e-02
-8.289866059122392994e-02
-5.005179649431688860e-02
-4.970401685649101370e-02
-6.084791268447655582e-02
-6.726466264112371252e-02
-5.835446803581514907e-02
-4.140329784290865817e-02
-6.532389262168562805e-02
-4.933375174884139375e-02
-6.628489361448135220e-02
-4.896779109648885520e-02
-1.356730785927159899e-02
-8.637104767267030081e-02
-6.739005369756420616e-02
-7.891917218090591102e-02
-5.743188652737416522e-01
-4.893774822892511533e-01
-5.918420883314629011e-01
-5.123089833550803496e-01
-6.435430875631700243e-01
-4.051834032132283214e-01
-5.576482429233466931e-01
-3.608650115649111867e-01
-4.570329726656641722e-01
-5.141013107573494390e-01
-6.041564880672670723e-01
-4.724957961138500639e-01
-2.762892385587746302e-01
-5.085645923925347089e-01
-6.366957270133872804e-01
-8.642343902053007954e-01
-8.484918931158217381e-01
-5.722305470993795939e-01
-7.441570328947707536e-01
-5.177485879679533110e-01
-6.344112219115284335e-01
-7.857543026282295395e-01
-1.000668280199421334e+00
-9.311156416483576947e-01
-5.592461911913144679e-01
-8.640662486959017619e-01
-7.435090654516555153e-01
-5.816084317806176074e-01
-8.897582762849259863e-01
-1.074754725046255938e-01
-1.208782975564607620e-01
-1.356098555210281942e-01
-1.083336070021785336e-01
-1.296432458935416476e-01
-1.492834035782080737e-01
-1.390117043534602748e-01
-1.264908398209243223e-01
-1.287554809813724332e-01
-7.158411835170452875e-02
-1.223471643873779019e-01
-1.006208979523933317e-01
-1.169637421400587796e-01
-1.774524650884994337e-01
-1.634416473326199826e-01
-1.864692825389184239e-01
-1.669497649899021607e-01
-2.195803813067762067e-01
-2.110660070229362084e-01
-2.346194825978977216e-01
-1.938123582291249314e-01
-1.812550044831809370e-01
-9.564372502153459243e-02
-5.564066551037188946e-02
-7.032930523886742058e-02
-5.248500017287841685e-02
-4.333707474453320913e-02
-5.198832894504549357e-02
-6.297609377071700099e-02
-4.825464601821807115e-02
-5.790013908673935505e-02
-6.743711222271656092e-02
-6.405160566505946340e-02
-3.201828392345858199e-02
-5.805554665236285772e-02
-4.716401991017930839e-02
-7.253066441221130145e-02
-4.586055922323187262e-01
-3.316278857819598969e-01
-3.882173434037347604e-01
-3.950518256332492539e-01
-3.390061196172622915e-01
-3.462262960120973121e-01
-4.131440511199004906e-01
-4.203092183524574921e-01
-4.664403668994945296e-01
-5.005778551951785005e-01
-3.057190997178557135e-01
-3.277867076194310725e-01
-6.648809122343771749e-01
-5.184548676565823300e-01
-6.550552769996113023e-01
-6.629457313451165845e-01
-7.350370655146494236e-01
-7.315003860306883432e-01
-6.897650158420041144e-01
-6.054371509574696386e-01
-6.150571893181979721e-01
-5.894543918130268345e-01
-4.768449896761667306e-01
-4.718120768987548175e-01
-8.919282304445865783e-01
-7.430346946646076978e-01
-1.152559615652536534e-01
-1.418841067857294080e-01
-1.622037008706310734e-01
-1.422476644639353582e-01
-1.082867032122351858e-01
-1.403501262086856993e-01
-9.883952930148032223e-02
-1.291206225930441043e-01
-1.415119099967112326e-01
-9.719076740848280049e-02
-6.668666229788483557e-02
-1.313172475403870942e-01
-8.316469869242951174e-02
-1.066775842155975457e-01
-1.620194355899483296e-01
-1.190025944731089858e-01
-1.102497381253811082e-01
-1.411547972641372939e-01
-4.933377282964536426e-02
-6.106786835578557199e-02
-4.490496079618355729e-02
-5.925056819322466889e-02
-4.950890524023141004e-02
-4.135145823417631095e-02
-7.247105378690689437e-02
-6.226113499774716536e-02
-5.696967686679837301e-02
-3.007914454384308725e-02
-2.915134705994251729e-01
-3.304609249569735452e-01
-2.794558134302871921e-01
-3.926244139796827293e-01
-3.881376430713801007e-01
-3.849083572210167947e-01
-2.830425475868234009e-01
-2.891423021885503597e-01
-4.138091911160137748e-01
-3.494644282207395314e-01
-3.736942299598016715e-01
-5.009890877795623032e-01
-3.513759012917577751e-01
-4.848735369096084380e-01
-6.994694620563123300e-01
-6.606147161734656770e-01
-6.745194295459325806e-01
-5.213707128393499923e-01
-7.519253214624965764e-01
-8.325957057950785778e-01
-7.054311598927246463e-01
-6.033659252727119338e-01
-5.845365924203083097e-01
-1.287400278703483836e-01
-9.401190152801330857e-02
-1.025289241506045640e-01
-1.384338246107155446e-01
-1.208753670184082862e-01
-1.224904997020861003e-01
-5.223661042772878571e-02
-6.934847300136007253e-02
-1.091328855435742401e-01
-9.422147628358373828e-02
-9.592789710154865646e-02
-8.704460539760940085e-02
-9.911997154369861507e-02
-1.029349045120868944e-01
-3.973916466363044964e-02
-2.673694290942485799e-02
-4.841995109143121950e-02
-6.178554805789471943e-02
-4.438154487262216397e-02
-3.677161750501302118e-01
-2.981400622609770568e-01
-4.053293647962251667e-01
-3.711534306352444190e-01
-3.050682283056718735e-01
-2.427413888057368685e-01
-3.475304718238607093e-01
-3.517001932211396009e-01
-4.003851050428449687e-01
-3.559406982291211108e-01
-3.875787289935344049e-01
-4.129071717001908115e-01
-4.779535337167281073e-01
-4.150013305253177909e-01
-6.427901731317313683e-01
-4.823067591786125430e-01
-4.965213896113512271e-01
-5.818625732893445424e-01
-7.266872840704120540e-01
-7.275341457334395523e-01
-1.223045130952409576e-01
-1.183828004723327942e-01
-8.055117643353962298e-02
-7.518502011495381554e-02
-1.134043427532482051e-01
-9.321432227228979017e-02
-9.104689429062880202e-02
-7.994316465130597849e-02
-8.465738465286848369e-02
-8.523596656297946494e-02
-3.188720668161138527e-01
-3.907210348762995555e-01
-2.945750916317314561e-01
-4.265996436637392586e-01
-3.364624300915175503e-01
-3.550025359116161794e-01
-2.332038482960793191e-01
-2.058456158979370121e-01
-3.015272130412868790e-01
-3.505907330506984887e-01
-4.138137313277017726e-01
-2.960654424358144521e-01
-3.673826397475357108e-01
-3.993775874306157991e-01
-4.402131424432987328e-01
-6.364193682009920972e-01
-3.000786378384052711e-01
-9.945250279433824614e-02
-8.805444243781117286e-02
-1.009426334814498977e-01
-1.264837639810455217e-01
-8.928128401451870810e-02
-8.114564454579045738e-02
-2.731308354650601733e-01
-3.854394492008366147e-01
-2.506172632628057007e-01
-3.429711539644183516e-01
-3.373060550662669854e-01
-2.876946248129215178e-01
-2.014305306290419262e-01
-2.682354821425985691e-01
-3.429699631568230433e-01
-4.161191418899361505e-01
-3.564452289962171672e-01
-4.041323973971149286e-01
-4.001627554278882060e-01
-3.868853843094404721e-01
-1.022167229366564151e-01
-6.158712727828336009e-02
-3.479265197143226462e-01
-2.837350944319838586e-01
-3.164048343452121048e-01
-3.133025323536212103e-01
-3.546305161140788087e-01
-2.461971760010450427e-01
-2.509829322181494904e-01
-2.182791200705834211e-01
-3.160620845358236286e-01
-2.760064728064078321e-01
-2.867842689580102356e-01
-1.043695678491415035e-01
-2.485364112545519477e-01
-3.346056295440926198e-01
-2.630900922653442442e-01
-2.101993402220179441e-01
-2.307783433244185167e-01
-2.059149039546574467e-01
-3.971613882456629385e-01
-3.537084283818391905e-01
-2.261457955767104955e-01
-2.610424416626151989e-01
-2.572932152049732801e-01
-2.201736554973121596e-01
-1.933521481924423135e-01
-2.311827893596231642e-01
