-4.533625426804714920e+00
-5.117421309233707305e+00
-4.187517961309811909e+00
-5.526538584290715761e+00
-6.515822843280043131e+00
-6.580005180125094277e+00
-3.334437626754765738e+00
-5.693684456812455608e+00
-5.014833937110206641e+00
-6.131240807124991754e+00
-5.571720034785075271e+00
-3.253213964202463782e+00
-5.720390245147160435e+00
-4.331640706254841433e+00
-4.640766553544516171e+00
-6.363206310976757152e+00
-4.554654040310418317e+00
-6.324870420495992462e+00
-5.018670015187564282e+00
-5.027833666755014974e+00
-4.492910468975295224e+00
-5.293295723665125685e+00
-5.896639089138649759e+00
-3.818825488597514806e+00
-4.491915200168215883e+00
-4.599420391528544094e+00
-6.304149790732687109e+00
-5.173174779175728766e+00
-7.058233355558679811e+00
-4.365902483792302391e+00
-3.944122236875083232e+00
-4.907095176631611544e+00
-5.633210407791154672e+00
-6.789358867333664449e+00
-4.983943125500203131e+00
-4.650273840437586514e+00
-3.699601502552281485e+00
-4.314800170186571471e+00
-5.459956689805689045e+00
-4.432192059269720374e+00
-5.147407386919090833e+00
-6.090698635706430331e+00
-5.330017761171135682e+00
-5.812920698763628380e+00
-6.833431086410580946e+00
-6.025066833814576306e+00
-6.004377684332568244e+00
-1.094076828059739492e+00
-1.185381299563287305e+00
-1.219167401666589656e+00
-1.413984667294370778e+00
-1.415233740852455346e+00
-1.237136536913612916e+00
-1.555212585746339915e+00
-1.453945584750531372e+00
-1.259434502484887863e+00
-1.400620580976579710e+00
-1.452793061582738243e+00
-1.552702124760119151e+00
-1.511420727421680654e+00
-1.468307396651712615e+00
-1.420778412928695333e+00
-1.554773563038862605e+00
-1.909462659551548924e+00
-1.142247112052123592e+00
-1.359974089643755768e+00
-1.288059811717368719e+00
-1.427416345282745080e+00
-1.152322262376687556e+00
-1.588679104294064892e+00
-1.463067329716770226e+00
-1.670826899948530064e+00
-1.201633745937438436e+00
-1.584595724727085209e+00
-1.414343568119136529e+00
-1.130130167372528804e+00
-1.285346286832576235e+00
-1.092584366007086860e+00
-1.449915204929750345e+00
-1.274641116249605410e+00
-1.556820174198157991e+00
-1.381462295621477931e+00
-1.340955597449249082e+00
-1.240339632061732367e+00
-1.054563247395506220e+00
-9.663647703775137821e-01
-1.118062079874077686e+00
-1.564177382715760567e+00
-1.383738020667816704e+00
-1.704433415032831745e+00
-1.013263764460826444e+00
-1.481042941038236416e+00
-1.333712318687232612e+00
-5.486310356044139525e-01
-6.355684454944863226e-01
-5.794349742517602708e-01
-5.727291506767521190e-01
-5.669709956069840517e-01
-6.564337501768781058e-01
-6.067664620822903476e-01
-4.813157126601127489e-01
-5.879218359565456797e-01
-5.161388148466140580e-01
-5.206131019960129613e-01
-4.495791505408468502e-01
-5.579921039159668750e-01
-4.224329708444982678e-01
-5.880128019997373778e-01
-5.285161858703267823e-01
-5.857811225628111185e-01
-4.674131777336966165e-01
-4.403031744492296173e-01
-5.790545173140653201e-01
-4.018108562800208894e-01
-4.542865612466810421e-01
-4.213992474935044918e-01
-4.788070030794819854e-01
-5.276046861006362665e-01
-4.159026688612255107e-01
-6.440623434417317439e-01
-5.818614398640397090e-01
-6.818423440357297416e-01
-4.880482497117820118e-01
-4.932230196719223358e-01
-4.972706400590934939e-01
-4.321679038951137253e-01
-5.409921064282521286e-01
-4.625415584314611084e-01
-5.288621474716074244e-01
-5.575246694053036522e-01
-4.305761087550248889e-01
-4.208934759624798905e-01
-6.790796410240480530e-01
-5.061684396231422856e-01
-7.122605614027649468e-01
-5.482870406242505990e-01
-5.195126298325102310e-01
-6.257224682050122055e-01
-2.663711958596889140e+00
-3.057483812735639628e+00
-2.533872258805820898e+00
-1.897711735344481232e+00
-2.698418955759904758e+00
-2.744741687362944660e+00
-2.028461081041186720e+00
-2.919775619711496795e+00
-2.897520904950862786e+00
-2.612323189927465705e+00
-2.708185689990580070e+00
-2.794929628956765999e+00
-3.078640486431162948e+00
-2.847190784159054466e+00
-2.248275539644514431e+00
-2.185170143984605851e+00
-2.405390111712248480e+00
-2.232136233516355261e+00
-3.645802442767992257e+00
-2.199713998250270475e+00
-2.631141104989200397e+00
-2.916841099318206787e+00
-2.652845196453397225e+00
-2.609705812630764843e+00
-2.595004382898747686e+00
-2.643083271008964008e+00
-2.588216531147334187e+00
-2.483128786689486667e+00
-2.344918629905194063e+00
-2.536645329418024009e+00
-3.032726858878661780e+00
-2.913107178243926398e+00
-2.481719530193460699e+00
-2.260375058889660060e+00
-2.051423631658600311e+00
-3.260194700815597812e+00
-2.208772605491011731e+00
-2.677911808271263627e+00
-3.008847286173396807e+00
-2.011495981370470254e+00
-2.251272766064037700e+00
-2.493793613713529922e+00
-2.991920907216785608e+00
-1.819480107868338692e+00
-5.265821647078141599e-01
-7.492162658897971728e-01
-8.110689927477388039e-01
-8.221147604361390693e-01
-5.791016551649119659e-01
-6.471678572047174782e-01
-6.870203198509649001e-01
-7.204022905735951721e-01
-6.528414914839361094e-01
-4.281818465022435571e-01
-6.514302617362880410e-01
-3.899151456251579440e-01
-7.643637214629427357e-01
-4.990317980499436312e-01
-4.744816166944066382e-01
-5.845362418183008835e-01
-6.685957858154745193e-01
-7.417988358534894910e-01
-6.893444556925208966e-01
-5.510314937294393811e-01
-7.178495715805839339e-01
-6.230328511350314846e-01
-7.129389984414425951e-01
-6.583433506390505840e-01
-6.942422256965027350e-01
-5.983859503848898420e-01
-5.435966529013647186e-01
-5.723384775251429968e-01
-7.381441212704489274e-01
-6.079449919565830251e-01
-5.148017127303399221e-01
-5.983268389984681690e-01
-7.531572027431625571e-01
-7.301176138637170965e-01
-6.428958741246595388e-01
-6.080210142881032898e-01
-5.879698427051827103e-01
-6.937162568324717338e-01
-7.019707094898577360e-01
-7.112880755719783732e-01
-6.791329454496626283e-01
-6.522429472698003661e-01
-2.272466093122249564e-01
-2.975410318402483267e-01
-3.029392519038935916e-01
-2.516408454194891120e-01
-2.432824489150504643e-01
-2.257657822795206548e-01
-2.457878492847841434e-01
-2.140123773343636793e-01
-2.122371079094588220e-01
-1.862935451153280297e-01
-1.531492790334959553e-01
-1.696360591708729049e-01
-1.576308905970376095e-01
-1.853834833436477092e-01
-1.844455573804291704e-01
-1.666127960008096653e-01
-1.943792675554234795e-01
-2.122744933781211818e-01
-2.923908712163334478e-01
-3.279456963129234737e-01
-3.209315114246613643e-01
-2.268163657650973108e-01
-2.798797566784863022e-01
-3.100992219034908182e-01
-2.183102958607116839e-01
-1.888380870358505048e-01
-2.038496347297956701e-01
-3.223465016605316369e-01
-2.609121677819621343e-01
-2.756408120880525781e-01
-2.836118461737541230e-01
-2.495453081813735208e-01
-2.902605555658399061e-01
-2.345686980889192252e-01
-2.386528527454592763e-01
-2.782519917405950061e-01
-2.574352436471661343e-01
-1.337369533254037512e-01
-2.859372513305291630e-01
-1.677336249059384610e-01
-1.555078802568588658e+00
-1.888701823066577079e+00
-1.797171252453129808e+00
-2.095045829511292812e+00
-1.318026248416157120e+00
-1.500653393760720711e+00
-1.680024555298354594e+00
-1.570566831294290422e+00
-2.073631051908816580e+00
-1.675212527129749773e+00
-1.494704074689322537e+00
-1.387835758045558032e+00
-1.526662601119892715e+00
-1.215166442741105746e+00
-1.739148924103040006e+00
-2.059578312305994974e+00
-1.155117791997203769e+00
-2.056215068925912881e+00
-1.765388184703063024e+00
-1.704938174919849558e+00
-2.061419761109545945e+00
-2.078975705991717771e+00
-1.947204756731906627e+00
-1.561230630461324598e+00
-1.445787757145149843e+00
-1.344173591017947977e+00
-1.612571674879707651e+00
-1.631405247741391173e+00
-2.521315964687786959e+00
-2.041358870226463118e+00
-2.228735242690601304e+00
-1.833508504277289175e+00
-1.705895867375404107e+00
-1.667147147889227243e+00
-1.822137137976738375e+00
-1.331524323501786844e+00
-1.670963613874813625e+00
-1.815300148955417026e+00
-1.660298135954236809e+00
-1.260783563164395993e+00
-1.621856406095945502e+00
-4.003600422559505101e-01
-5.509552536706781023e-01
-4.450633173664144682e-01
-4.843463306553332792e-01
-4.659068709527323104e-01
-4.360111379705888801e-01
-4.552864661346873731e-01
-4.409946631232645187e-01
-3.048961908794661779e-01
-3.429015794410545381e-01
-2.959053262346746371e-01
-3.004377424628763560e-01
-2.902667423204825514e-01
-2.248044506384888064e-01
-2.571671193491742446e-01
-3.015857793392156538e-01
-4.510459600940714409e-01
-3.955613788952061505e-01
-4.602236302907320997e-01
-3.321454255156463531e-01
-4.975197242616864468e-01
-3.640737542383747360e-01
-4.665540001006157622e-01
-5.009310898570864534e-01
-4.527793795714131209e-01
-6.257180078151497460e-01
-5.744625932831444182e-01
-4.947596619284784780e-01
-4.239933384837485386e-01
-5.146113383883472725e-01
-4.479767236753775528e-01
-4.546539412758364151e-01
-4.945183596480846600e-01
-3.199506218058037477e-01
-3.739879594489001202e-01
-4.421337276365234215e-01
-4.923281297383724775e-01
-4.026135225593834854e-01
-1.908306356354377287e-01
-1.588643073675960748e-01
-1.566666884820888117e-01
-1.532921161153479872e-01
-1.207316152669372367e-01
-9.102981494117999561e-02
-9.062600163143284815e-02
-7.569141426786718529e-02
-8.584996029750871505e-02
-9.664791613799052217e-02
-1.082078606099026730e-01
-1.000684717993956391e-01
-9.577567260524322279e-02
-1.017226877976925292e-01
-8.161482937137515270e-02
-1.148615715301170431e-01
-1.381277493203696971e-01
-1.984280229358156289e-01
-1.897225104138097751e-01
-1.842725981747538322e-01
-1.368842757254130904e-01
-1.976429049946362426e-01
-2.454013077764313766e-01
-2.597152116889694939e-01
-1.754133166563351942e-01
-1.728800355398171229e-01
-2.104634277607555504e-01
-1.662836626019726927e-01
-1.905418115634290310e-01
-1.887303622134643699e-01
-1.670484594891235575e-01
-2.097115764852229003e-01
-1.607398907569361213e-01
-1.817684856671038240e-01
-1.208032198460261275e-01
-1.387435583289963192e+00
-1.576106603340690304e+00
-1.035437886554873677e+00
-1.522216141036880632e+00
-1.538121545403532187e+00
-1.190225169999080013e+00
-1.360578024257559804e+00
-1.135269082465398593e+00
-1.171183957398024500e+00
-9.005342234570118398e-01
-9.819277287345170580e-01
-1.125285654933066981e+00
-1.134535046466097485e+00
-9.979203281546789039e-01
-9.129514278389911919e-01
-1.069777428395289443e+00
-1.062578814510255709e+00
-1.316707692093330717e+00
-1.344376799309890957e+00
-1.345431605282923826e+00
-1.478089384390834926e+00
-1.419380643526010788e+00
-1.334718530077294352e+00
-9.738146990172742434e-01
-1.803846785999890789e+00
-1.545484726354135141e+00
-1.189950784331955447e+00
-1.565915814134627437e+00
-1.086250681284519404e+00
-1.278163200907385333e+00
-1.067649462401654814e+00
-1.286327738247419639e+00
-1.298809119071708373e+00
-1.164081342956879261e+00
-1.082407926670878373e+00
-1.196138006764169148e+00
-1.334703484774008908e+00
-1.201587514612285856e+00
-2.684780306450946230e-01
-3.494307063674973457e-01
-2.699735304894282928e-01
-2.646356018940250188e-01
-1.768868912971564011e-01
-1.860033802570070505e-01
-1.299488148703496493e-01
-2.019881548824029871e-01
-1.855792943035042830e-01
-2.185186098392342680e-01
-2.248592577664204895e-01
-1.391760366656505932e-01
-2.027766139100364851e-01
-1.765467440420792067e-01
-2.224957077577703612e-01
-2.688566424316817249e-01
-2.320736486979632085e-01
-2.636087983076165764e-01
-3.799724152313155301e-01
-3.954392003484321627e-01
-3.949991157906923012e-01
-3.633238734707308626e-01
-3.244010959610680311e-01
-3.136884957857883349e-01
-4.216280377235718801e-01
-2.986423967119669620e-01
-3.614153265918723101e-01
-3.511347600612674813e-01
-3.532896782625778442e-01
-4.118381053670920888e-01
-3.761536238460750359e-01
-3.183585308897762811e-01
-3.938912039088598993e-01
-3.109517839811232198e-01
-8.880420554425570712e-02
-7.221324041216095613e-02
-6.105730244043825611e-02
-6.418266838514415096e-02
-5.547793644779401567e-02
-7.845404114129606032e-02
-7.187247699208469676e-02
-8.511211594867444663e-02
-6.968239814696518264e-02
-7.957135057608390183e-02
-7.207938103103826710e-02
-6.130557886366706788e-02
-7.923632346150505379e-02
-6.098704576091346086e-02
-8.256098267755579423e-02
-6.924506385590964430e-02
-9.002449770059979539e-02
-1.099207684612293900e-01
-1.461856248188385110e-01
-9.698375599150882431e-02
-1.182456804434389996e-01
-1.778639085974506040e-01
-1.043357706495405823e-01
-1.198204941808488078e-01
-1.401560757342375507e-01
-1.149060678305245664e-01
-1.252198691549668841e-01
-1.163389814129162647e-01
-1.598364902181198810e-01
-1.487972232654704574e-01
-1.179554552600496686e+00
-1.138094881100331968e+00
-8.109161204254577981e-01
-1.010796160875407912e+00
-8.405688740545116389e-01
-8.130970793293229582e-01
-9.176289690856944681e-01
-6.239543970179743937e-01
-7.671371255581087567e-01
-7.477562313253818260e-01
-5.365486441201759993e-01
-9.131146393837817898e-01
-7.570995379049931806e-01
-6.944598757760619412e-01
-7.513370019508676112e-01
-7.795939734741862415e-01
-6.935955541952310011e-01
-1.241886337040936539e+00
-1.193238056713590733e+00
-1.385283195180900373e+00
-1.341729077530694703e+00
-9.374903366477933542e-01
-1.339179303109151897e+00
-1.128546103894633390e+00
-1.356130436166936626e+00
-9.527978121367874920e-01
-9.480062029795741640e-01
-1.043739095792227234e+00
-1.323978790150360796e+00
-9.944192550032945332e-01
-1.122369848414312088e+00
-1.479638911322322503e+00
-1.580926805837332250e+00
-9.291373408796123057e-01
-7.328350796841012205e-01
-1.463138792701998980e-01
-1.573267010910755492e-01
-1.499834060554345871e-01
-1.620758702781715521e-01
-1.630245357933578221e-01
-1.636645832680322932e-01
-1.773460223701334160e-01
-1.591860996522760918e-01
-1.736747744811008853e-01
-1.875532857732401526e-01
-1.683505465107474897e-01
-1.394274661327059572e-01
-1.279346417103426614e-01
-1.364828747709499746e-01
-1.922741781201445233e-01
-1.796988166019545530e-01
-2.624242685127808339e-01
-2.678776396165412077e-01
-2.908166576711473383e-01
-2.951196966439422198e-01
-3.351927622051845690e-01
-2.824082945283345469e-01
-3.162348966575631026e-01
-3.359567354469790157e-01
-3.178742940117785798e-01
-2.684133048181822079e-01
-2.061040570298710017e-01
-2.542424348056518957e-01
-2.794428616673416133e-01
-2.048129632497380781e-01
-6.864612139518963541e-02
-6.087480312264235971e-02
-6.350937768606020051e-02
-7.099623577332950242e-02
-5.707658040058603138e-02
-7.548307507135190719e-02
-8.224512957041110739e-02
-7.079876908466518903e-02
-8.147739613203132392e-02
-6.977861888223838016e-02
-6.644587946280676449e-02
-6.500712846252229560e-02
-6.304952813789346799e-02
-6.309411341691119335e-02
-4.783424058683389407e-02
-7.337287064373967937e-02
-8.581328312177577411e-02
-7.385752555376472184e-02
-1.128499311220249046e-01
-1.169535635320879674e-01
-1.120043943551213977e-01
-8.681775514031954410e-02
-1.215162665360277894e-01
-1.143183404557086974e-01
-1.045848305014589474e-01
-6.191295561133457470e-01
-8.220159031427417551e-01
-7.270655179003694402e-01
-5.924472316223488022e-01
-6.076797012422430200e-01
-5.898526275492486093e-01
-5.134363626590287000e-01
-4.849625026791432592e-01
-5.095218865936820274e-01
-4.924585153137912563e-01
-5.538994940028357794e-01
-6.416229227299959925e-01
-6.850207945173460988e-01
-7.177016481639368894e-01
-7.387844903261054919e-01
-6.579282743559293767e-01
-7.758980097546399612e-01
-8.764614176252639721e-01
-8.466425815600059357e-01
-8.025262917213988878e-01
-8.997763997896029986e-01
-9.334453925273906716e-01
-1.034868448940874597e+00
-9.661810493376179476e-01
-1.138506220216084719e+00
-8.525807214358793740e-01
-1.034321317323384948e+00
-7.218200481998142681e-01
-9.240250504138158849e-01
-9.148520210035837597e-01
-9.228924499999814346e-01
-7.773809877483671693e-01
-1.322527663455186631e-01
-1.110533138734400710e-01
-1.321930581067397581e-01
-1.930903682907950669e-01
-1.964606517854260159e-01
-1.365125610354343544e-01
-1.585229078480379639e-01
-1.323402169719352928e-01
-1.494349478905854789e-01
-1.255608056130496086e-01
-1.107498697466655357e-01
-1.269541253118631474e-01
-1.571678190206566850e-01
-1.550284280792728620e-01
-1.623114102651787571e-01
-2.129396922202348996e-01
-2.300994620150794978e-01
-2.196665891321399888e-01
-1.815830660831487808e-01
-3.032031143068751322e-01
-1.961717507213747713e-01
-2.333427057230014756e-01
-2.138235390083313703e-01
-2.439765523422643134e-01
-1.872043050967345523e-01
-2.497127904019661726e-01
-7.272508816197814641e-02
-6.486962436371826457e-02
-6.553767433659848929e-02
-5.639371548066195866e-02
-4.107283579465661333e-02
-6.190999362367788361e-02
-6.673791641165278954e-02
-6.128874420369908455e-02
-5.728279764117104322e-02
-4.132307358945171843e-02
-6.204115563089272756e-02
-4.935794133498430658e-02
-3.418675933150569501e-02
-6.888852351482727121e-02
-6.572939463160433482e-02
-5.946335659404795859e-02
-5.563602559511638540e-02
-9.417132911454809130e-02
-9.247652911870483938e-02
-8.805386381574754895e-02
-6.711806456155812173e-01
-6.101449555891919063e-01
-5.239554949718538968e-01
-4.588788054001242678e-01
-4.712455196372812294e-01
-3.483663761939824188e-01
-4.785268932387246044e-01
-5.451612605645964615e-01
-4.815707517635610113e-01
-4.166297408376267164e-01
-5.108988415612834011e-01
-4.555963321924939580e-01
-4.417382148285551868e-01
-4.337506773657974213e-01
-5.630552989755002180e-01
-6.911532631574368590e-01
-7.060490420522754773e-01
-8.260988170764410610e-01
-8.880101393798227605e-01
-8.480979309642746600e-01
-7.669594207840868538e-01
-7.928559830469034120e-01
-7.023296959371929660e-01
-9.386937109110011779e-01
-7.458834760972998801e-01
-7.013241697848788814e-01
-8.284230856098570017e-01
-6.086786424244661209e-01
-9.034588122902817986e-01
-1.545176963353707411e-01
-1.404079080418963732e-01
-1.380203768974252176e-01
-1.207639817403690086e-01
-1.460588150185369027e-01
-8.796229018653044240e-02
-1.252951931246618078e-01
-9.446318367586084563e-02
-1.534267199993243902e-01
-1.131759358104073299e-01
-1.011065957613116323e-01
-9.355634961887274170e-02
-9.941674722814218546e-02
-1.118709099597774148e-01
-1.372797934756302962e-01
-1.545978722490518875e-01
-1.888181423897032363e-01
-1.998719828251117048e-01
-1.808366713173495954e-01
-2.135219027764945487e-01
-2.201943240250580913e-01
-2.077554217540425741e-01
-6.057130519866224527e-02
-5.149549289023956644e-02
-6.376611007799282138e-02
-5.705723457068836296e-02
-5.428445881737620216e-02
-5.750257251664568636e-02
-5.119398860930612916e-02
-5.766511309313449019e-02
-4.660174418257911899e-02
-4.363158105818377291e-02
-5.572862975095212862e-02
-5.413405410492212744e-02
-5.101520458413007220e-02
-4.406248430558547258e-02
-5.103605624907096849e-02
-4.683766338361587400e-01
-3.617678094882297302e-01
-3.802367224644718768e-01
-4.272650528285605320e-01
-3.908077202064877964e-01
-3.079602419448216333e-01
-3.706212721080344163e-01
-4.894131126722698899e-01
-2.824038593584637935e-01
-3.658704871430183414e-01
-3.953349094945680653e-01
-5.044317023664239841e-01
-4.766225609943893771e-01
-5.422157813698597062e-01
-6.609478248206179796e-01
-6.699950879108541590e-01
-7.635511542185592360e-01
-6.348061189058521459e-01
-6.027233276119479122e-01
-5.466391611138188278e-01
-7.009842187760941812e-01
-7.600555662230100706e-01
-6.106873824527343508e-01
-5.690906082210479555e-01
-7.956262548684638336e-01
-7.330396692640555045e-01
-1.454566753081110164e-01
-1.327259947152047426e-01
-1.276778901055861948e-01
-1.313383393448187275e-01
-1.307752752531373686e-01
-1.425663290668930938e-01
-9.054577696997891112e-02
-1.073100008828417606e-01
-1.090617085035256173e-01
-8.208188001683709711e-02
-1.093941007074935579e-01
-1.017884255806876248e-01
-1.273543097544977132e-01
-1.473467359193196546e-01
-1.167443615501155968e-01
-1.363269749246243112e-01
-1.648614467736175260e-01
-1.800370267130963209e-01
-5.630943290076534380e-02
-5.665787226677344857e-02
-6.453502734366804716e-02
-3.745965630030778648e-02
-6.678391444263949428e-02
-5.563273380524896838e-02
-4.613065371871712811e-02
-4.368575373392812738e-02
-3.308268236184962185e-02
-4.055035598341562991e-02
-4.155226026949698226e-01
-4.266136488162960427e-01
-4.053394036183408655e-01
-4.188703465791382974e-01
-4.084252735374609422e-01
-3.557245322155528355e-01
-3.025426921601131469e-01
-3.933387263672318279e-01
-3.187961867539194638e-01
-3.528100648164428366e-01
-4.173151767531242395e-01
-4.561239332284737213e-01
-6.110158064721380455e-01
-5.154692626179439019e-01
-5.191217122785586335e-01
-5.163741070810055067e-01
-4.093900361067935867e-01
-5.221420586954367282e-01
-5.086022401588747854e-01
-6.006285785173052227e-01
-5.617790436768501650e-01
-5.847168111157032833e-01
-6.313422106624502206e-01
-1.163725739907060658e-01
-1.169082836191853714e-01
-1.195874829552565910e-01
-1.501737878077091248e-01
-1.545744569342521468e-01
-8.238804420455475563e-02
-1.059560946215699073e-01
-1.066009497976331266e-01
-9.718804664536592752e-02
-9.725738447039655732e-02
-1.131017746602290264e-01
-1.043200870480343045e-01
-1.059557982606690596e-01
-1.427272788165479256e-01
-5.240260921555026097e-02
-5.724259781564215721e-02
-6.214734101469432392e-02
-4.989789542656650895e-02
-5.106360032314642694e-02
-3.051816701821732369e-01
-3.509553637802006465e-01
-4.323967908006443039e-01
-2.925383375425790189e-01
-3.733609808143365516e-01
-3.371416859597128335e-01
-3.285502329004820199e-01
-3.928889892903712489e-01
-3.548107696834637559e-01
-3.813764405612105057e-01
-3.532469217860354505e-01
-3.378719300089073063e-01
-3.685790907601118049e-01
-4.412438588351646485e-01
-5.733911784191966232e-01
-4.048752562697855995e-01
-6.875711460306477285e-01
-5.143703909558330345e-01
-6.615147873604405593e-01
-4.975546214462836514e-01
-1.245518060886153799e-01
-1.104404674333588771e-01
-1.125430145641581614e-01
-1.088833447308580754e-01
-9.202180428094283715e-02
-9.329256592506107726e-02
-1.038023284185317502e-01
-1.120321485080133517e-01
-1.083080064376604895e-01
-8.849368507609600698e-02
-3.582921867346107736e-01
-3.602105697054934219e-01
-3.220992873356030017e-01
-3.362774931803232947e-01
-2.697266590368013195e-01
-2.948610586801001521e-01
-2.341792714990388879e-01
-2.879188937430918749e-01
-2.185432746486334898e-01
-3.351676589999867950e-01
-2.915196366072691503e-01
-3.961617316096909813e-01
-2.406679980798649421e-01
-3.417548473867312864e-01
-3.923410642933107817e-01
-4.690169169212664579e-01
-4.335185717616240608e-01
-9.649427083156571217e-02
-9.676883093452870455e-02
-9.820355187544378694e-02
-8.610952037446824303e-02
-8.530490115441734245e-02
-1.016009060599677993e-01
-3.274623537693794328e-01
-3.098990676071378125e-01
-2.651536917913641656e-01
-2.073324377874300461e-01
-3.525515880737956076e-01
-2.391433267930499207e-01
-2.546819187637265891e-01
-3.240342977640027766e-01
-2.730711070717555256e-01
-2.713572292567064670e-01
-3.067670925762520651e-01
-4.680270434256282308e-01
-3.414626847741363824e-01
-4.399964900175350468e-01
-9.345618116868202596e-02
-9.193990785177277858e-02
-3.455590298126206550e-01
-2.731654012745048377e-01
-3.193340441740851743e-01
-2.856542656373002864e-01
-2.629087737930111413e-01
-2.193612255968806490e-01
-3.152485776434291731e-01
-2.997692748231021720e-01
-1.453976271343342397e-01
-3.205130256226781382e-01
-2.939582318047344600e-01
-2.611427206214665953e-01
-2.509079704639324282e-01
-3.079485772791713538e-01
-2.489899007344912041e-01
-2.689722693721227076e-01
-2.448409018200859710e-01
-3.674098611854647589e-01
-2.365465642590003359e-01
-2.492684507330096555e-01
-2.117833999510806975e-01
-2.292326862098365281e-01
-2.639681953546061388e-01
-2.437959553940836077e-01
-1.847547384395340220e-01
-2.623257484513645821e-01
