-5.257340652742695575e+00
-5.227232536054700951e+00
-5.220743932785441466e+00
-5.240002568558463913e+00
-5.262132427141144930e+00
-5.232693851012609976e+00
-5.264411346435985628e+00
-5.248734440909469612e+00
-5.261864763145722712e+00
-5.285351650034438187e+00
-5.297123159350630495e+00
-5.285370876673492369e+00
-5.275027326005615969e+00
-5.273256463461030386e+00
-5.286969849712614966e+00
-5.266126773854982623e+00
-5.305259557439167217e+00
-5.274078080883967345e+00
-5.231682512664602491e+00
-5.249308739530395229e+00
-5.258632633394012323e+00
-5.253495589405929422e+00
-5.269700842418684417e+00
-5.217902201565160603e+00
-5.237613084787569484e+00
-5.240198636217966666e+00
-5.278030912796328522e+00
-5.232480706087815570e+00
-5.230594782425870726e+00
-5.254435265462080729e+00
-5.234232488298910191e+00
-5.232471612838306640e+00
-5.247252883494444298e+00
-5.250655345442416966e+00
-5.252043246660783815e+00
-5.235520795460321786e+00
-5.199199264420724553e+00
-5.232683250402344832e+00
-5.250947202324593555e+00
-5.262285437247895992e+00
-5.254818352793335201e+00
-5.239094671518592428e+00
-5.252977396804232590e+00
-5.202830786715270328e+00
-5.222526716828673976e+00
-5.244202767739984061e+00
-5.246196314086203571e+00
-1.321604187103143868e+00
-1.323192253280764730e+00
-1.318708635910568638e+00
-1.320827051498982163e+00
-1.322554972180170374e+00
-1.324358756409246718e+00
-1.318554050314966419e+00
-1.329753378555438514e+00
-1.336869397483837485e+00
-1.338994230420231357e+00
-1.334963774976610340e+00
-1.329627797139439016e+00
-1.323124268863006936e+00
-1.324049210139339294e+00
-1.332948212594553539e+00
-1.328996841919688698e+00
-1.333939425617460595e+00
-1.326461864890776665e+00
-1.323022308990376539e+00
-1.326722800127136059e+00
-1.332986118190686575e+00
-1.332995306691094006e+00
-1.329650213936406589e+00
-1.331811915710638061e+00
-1.328308700068919102e+00
-1.322290924049336125e+00
-1.324498970017361499e+00
-1.324127269952662278e+00
-1.324383628036651661e+00
-1.318653735577044461e+00
-1.324335386732268249e+00
-1.325243302440361148e+00
-1.317276930808140234e+00
-1.319016225972782674e+00
-1.317333242300299023e+00
-1.317911425455434493e+00
-1.311027220926782588e+00
-1.324980264186063961e+00
-1.317664531353649915e+00
-1.326428665675167595e+00
-1.319309637094289611e+00
-1.323009593367741932e+00
-1.320085181053369583e+00
-1.316117220110506913e+00
-1.316972441137594485e+00
-1.314079197567634250e+00
-5.302685976760108666e-01
-5.296881826703795371e-01
-5.297239777342896971e-01
-5.296746044897806538e-01
-5.351908512132191875e-01
-5.358391963865060115e-01
-5.354733665001116805e-01
-5.388466715739935742e-01
-5.407657494547135624e-01
-5.392124524734284163e-01
-5.339120377086875591e-01
-5.211122172788743567e-01
-5.147877905992218617e-01
-5.157826022951340628e-01
-5.174016114311805747e-01
-5.168518027133998105e-01
-5.149207589368282045e-01
-5.172856837780195338e-01
-5.230321062347167427e-01
-5.321599356606123710e-01
-5.398448946571380302e-01
-5.412482874672905897e-01
-5.382986779919057829e-01
-5.335822180395397574e-01
-5.333792572116400343e-01
-5.345152000438898598e-01
-5.310159280504177515e-01
-5.313893034655430281e-01
-5.297993272999204084e-01
-5.287013552211619061e-01
-5.314851510848567218e-01
-5.284625524918942219e-01
-5.302054165255297713e-01
-5.291917542741350067e-01
-5.316362787624967501e-01
-5.300833581817179230e-01
-5.274184350645110264e-01
-5.304546709097891499e-01
-5.297659607791522784e-01
-5.294983582479438899e-01
-5.301690769271454329e-01
-5.289046806337933671e-01
-5.269532068152867899e-01
-5.300567002689043905e-01
-5.289939218227812656e-01
-2.651448943358960531e+00
-2.651085726391844144e+00
-2.651913898492950672e+00
-2.657931899381690943e+00
-2.659762563354544973e+00
-2.657253704714621634e+00
-2.678397966920242457e+00
-2.691194804318661316e+00
-2.691583208179615827e+00
-2.673641205991865721e+00
-2.632654800673762896e+00
-2.606810163116274559e+00
-2.591874281202589003e+00
-2.598401755091316989e+00
-2.609657197709951415e+00
-2.608283802127033812e+00
-2.591008693016166209e+00
-2.606075772685195524e+00
-2.628782291249668557e+00
-2.679755044440019773e+00
-2.688081761275101123e+00
-2.678875828961053251e+00
-2.669763383856549765e+00
-2.671426018531053437e+00
-2.671405995010212031e+00
-2.655980333709616392e+00
-2.652386777217965896e+00
-2.644068400178692269e+00
-2.651039963172773462e+00
-2.651975412372659768e+00
-2.650752090550499318e+00
-2.636294883841121095e+00
-2.652063670309249943e+00
-2.647130932761887490e+00
-2.648909384205043072e+00
-2.643800168318936716e+00
-2.638517717310583599e+00
-2.641922710012035047e+00
-2.639228933763187790e+00
-2.653019012821093092e+00
-2.644763288006490853e+00
-2.636968860207880461e+00
-2.646325877018181227e+00
-2.649832997607666663e+00
-6.696618499490426535e-01
-6.684831794284755713e-01
-6.751465515342534029e-01
-6.775201359554268166e-01
-6.815470025611060079e-01
-6.885924456106369274e-01
-6.885503124219163329e-01
-6.739176684043668430e-01
-6.469848750672764215e-01
-6.152732408862064961e-01
-5.830055231748340061e-01
-5.643031762126631268e-01
-5.557891631225333473e-01
-5.531733962292185725e-01
-5.545471805687089972e-01
-5.642510954804450529e-01
-5.814945541582042798e-01
-6.142955551507671696e-01
-6.487228387702174137e-01
-6.737066599480344697e-01
-6.856857470397447196e-01
-6.881438817426543952e-01
-6.844680495283794741e-01
-6.769614298831482246e-01
-6.753576956239372153e-01
-6.686253331562337365e-01
-6.691418717952422046e-01
-6.675035981180319489e-01
-6.668815247798107748e-01
-6.666489061195491894e-01
-6.638450472201045116e-01
-6.651319281241110382e-01
-6.622434657325103613e-01
-6.626977476687018198e-01
-6.642337825725871392e-01
-6.626533529318249238e-01
-6.638145750334639716e-01
-6.631615267375435829e-01
-6.635296464367850255e-01
-6.623304470933282229e-01
-6.645069440476305545e-01
-6.614942894329483014e-01
-2.727902600260292965e-01
-2.756035676171467164e-01
-2.772566071380621056e-01
-2.802501252921160146e-01
-2.776950143690748996e-01
-2.679021081449359243e-01
-2.512709912381018151e-01
-2.300533142979654389e-01
-2.084634283952916944e-01
-1.914788389037958005e-01
-1.813277191351380102e-01
-1.746421222429450637e-01
-1.732685862553380030e-01
-1.751901174656965432e-01
-1.807005737994393513e-01
-1.917044790804341703e-01
-2.085375104001571944e-01
-2.294055669303836642e-01
-2.516200255312307510e-01
-2.691098492612377657e-01
-2.782954502920478856e-01
-2.788586767897313079e-01
-2.772573225828961485e-01
-2.751994940345620644e-01
-2.731437634781627710e-01
-2.713491678104240079e-01
-2.696875602622714196e-01
-2.679466413055101026e-01
-2.679802978778006994e-01
-2.671952333145625191e-01
-2.669212293688444926e-01
-2.675555098154445699e-01
-2.664736979416106877e-01
-2.655525585219265516e-01
-2.657384188607093134e-01
-2.654452110557787292e-01
-2.663489387979861567e-01
-2.656851518793561517e-01
-2.655798605334097062e-01
-2.653771389603059583e-01
-1.777990280327097050e+00
-1.782692365711712190e+00
-1.799320756995193893e+00
-1.804259602626288261e+00
-1.817270058024719637e+00
-1.820999205326105042e+00
-1.814241967002757860e+00
-1.771581479966044093e+00
-1.706651932178044895e+00
-1.636527944913730659e+00
-1.572939247654022488e+00
-1.551965125809175117e+00
-1.544519774521052380e+00
-1.538648326377936915e+00
-1.549647670258504473e+00
-1.580683106772146296e+00
-1.631336059126298643e+00
-1.702099586920732932e+00
-1.777041012176538981e+00
-1.801156646094651093e+00
-1.821050531315220988e+00
-1.813562751818447172e+00
-1.802339065513456129e+00
-1.794513752758308600e+00
-1.786684675625662910e+00
-1.784200534177535991e+00
-1.776155046597620801e+00
-1.770830389647484182e+00
-1.778081228078398635e+00
-1.772988293919206981e+00
-1.772095292914580567e+00
-1.773812170243198150e+00
-1.772690733589338485e+00
-1.766151885999682314e+00
-1.769884655520338690e+00
-1.771130110676394143e+00
-1.766590374751499049e+00
-1.775880661167989816e+00
-1.773995945298147081e+00
-1.763817662941334685e+00
-1.774123758297100117e+00
-4.626225446537521879e-01
-4.631906226695081674e-01
-4.633926751885557027e-01
-4.560206741657749641e-01
-4.325068652625394527e-01
-3.982995929963477066e-01
-3.608164997330404189e-01
-3.267295947256954602e-01
-2.997807094897515512e-01
-2.834981995637019803e-01
-2.749169630735716074e-01
-2.728046917934121018e-01
-2.756329330595193028e-01
-2.833452787958702923e-01
-2.997427630850515445e-01
-3.257044327487678692e-01
-3.598480064834783110e-01
-3.979754192332599083e-01
-4.320230874822494349e-01
-4.552236099950039416e-01
-4.656136484344976512e-01
-4.665421677656843569e-01
-4.632766853578995092e-01
-4.583791726517247311e-01
-4.537473555267810821e-01
-4.508628445669316531e-01
-4.478584081547233864e-01
-4.468941227740769184e-01
-4.455558234748152047e-01
-4.440841854081896134e-01
-4.441537145575490952e-01
-4.430086822854805151e-01
-4.419126288128247815e-01
-4.421866258952313888e-01
-4.416597442202740975e-01
-4.400073119785585241e-01
-4.423403588673051057e-01
-4.427253841334498063e-01
-1.815588888426245273e-01
-1.692724131296441947e-01
-1.510771708519543233e-01
-1.315095944743801815e-01
-1.155188490999991408e-01
-1.043473622060790834e-01
-9.812046444243276155e-02
-9.649411433404435356e-02
-9.662896068833304319e-02
-9.692362932147785548e-02
-9.699846491847530228e-02
-9.660219262814227770e-02
-9.614731158310194092e-02
-9.801657660232986069e-02
-1.041572651646380937e-01
-1.153378077499012666e-01
-1.317941912035734964e-01
-1.506684368149436848e-01
-1.685938493209161171e-01
-1.821424113393744215e-01
-1.874927283857374394e-01
-1.896534030598459319e-01
-1.879929182249934216e-01
-1.858179341870572765e-01
-1.834104556129100005e-01
-1.820771005896534567e-01
-1.813996223296273080e-01
-1.798017264272588345e-01
-1.788343757189490846e-01
-1.782320417853553440e-01
-1.782027372320610648e-01
-1.776485603275964609e-01
-1.770627355568258343e-01
-1.769733035141403676e-01
-1.766226713897277867e-01
-1.366822238319205018e+00
-1.376274810136495219e+00
-1.377727284440652511e+00
-1.367629181503663860e+00
-1.334000658078128954e+00
-1.279963267915506187e+00
-1.204279758998243466e+00
-1.122365694031600913e+00
-1.048754145929422288e+00
-1.003192073787582350e+00
-9.816581545333820102e-01
-9.782033163367185313e-01
-9.841546941409301530e-01
-1.006917213224936436e+00
-1.050314633077764848e+00
-1.116078238138457523e+00
-1.202858369563028162e+00
-1.289389925726639907e+00
-1.340675803797690468e+00
-1.371477646412779361e+00
-1.374329837029289347e+00
-1.377269048695635378e+00
-1.370983853315945522e+00
-1.355082655433656802e+00
-1.347732289550895191e+00
-1.342856982108214581e+00
-1.333358869978376937e+00
-1.336076935020328982e+00
-1.336656485999020427e+00
-1.329581954387097253e+00
-1.328576293343612047e+00
-1.331356840261127106e+00
-1.329243604264045642e+00
-1.329168536755107155e+00
-1.329589109811673220e+00
-1.327597030818551627e+00
-1.325600526543030844e+00
-1.329169260170606659e+00
-3.303822013335062646e-01
-3.037415446121792817e-01
-2.715796680743452485e-01
-2.402249556845139911e-01
-2.135810662882566269e-01
-1.962123937568131249e-01
-1.874804715333497351e-01
-1.836306261012469188e-01
-1.835036886666234768e-01
-1.844492798535258826e-01
-1.836301444677154171e-01
-1.838403323709028314e-01
-1.873260572758781162e-01
-1.966167367703208768e-01
-2.133102735640557412e-01
-2.392503473249004142e-01
-2.709950313115531140e-01
-3.027787454934611766e-01
-3.297135121881449860e-01
-3.454278098755048099e-01
-3.519128128800688704e-01
-3.517706041878973511e-01
-3.492408810599944013e-01
-3.443423556515630146e-01
-3.425816377252066669e-01
-3.396281703116929007e-01
-3.369333697181713938e-01
-3.368741649074670774e-01
-3.348533267965601024e-01
-3.344181758913584157e-01
-3.325468124016781046e-01
-3.329891856314179943e-01
-3.321358856002347704e-01
-3.316504745279134081e-01
-7.819965978809273466e-02
-7.309767483011403444e-02
-7.226764307576838409e-02
-7.424075888279532687e-02
-7.761697567175492030e-02
-8.074629494622664883e-02
-8.291776652725296737e-02
-8.340795118215246773e-02
-8.249180018921209445e-02
-8.034599461241882790e-02
-7.775599722816706194e-02
-7.419634964393286014e-02
-7.237628552400569848e-02
-7.310612540562802519e-02
-7.829992803107969912e-02
-8.852704338682382268e-02
-1.020842186360500642e-01
-1.165412121377474020e-01
-1.297398348709008498e-01
-1.384659112513295376e-01
-1.429720725473851428e-01
-1.438922289176999825e-01
-1.428072360362687421e-01
-1.404786903583583324e-01
-1.391678084723962372e-01
-1.380147851620779631e-01
-1.368319844483599501e-01
-1.355958151909266440e-01
-1.350559926404142352e-01
-1.345777693818600851e-01
-1.104975573747885909e+00
-1.080060016776057230e+00
-1.040384490231765602e+00
-9.752090458008980667e-01
-8.976377660299322825e-01
-8.192737460286789730e-01
-7.585396764480336618e-01
-7.131364071184935760e-01
-6.848574058634502304e-01
-6.792587874593665198e-01
-6.769492886810637433e-01
-6.868695656470240607e-01
-7.153101963834354038e-01
-7.578670959535722673e-01
-8.219943998422313269e-01
-8.982147437707073134e-01
-9.727344276658763667e-01
-1.037943607938725421e+00
-1.080821898138082160e+00
-1.105587940320793994e+00
-1.109209825137908334e+00
-1.106799991252224391e+00
-1.094153652776195695e+00
-1.083149974826612238e+00
-1.081007018486926485e+00
-1.076808233148892180e+00
-1.069641254398437713e+00
-1.068213498956595897e+00
-1.069266297468979277e+00
-1.065777560611558261e+00
-1.063275196093101060e+00
-1.063957754212786488e+00
-1.064890333684141766e+00
-1.063545278174430564e+00
-1.062949517673062116e+00
-1.759312504171390013e-01
-1.588905511268332849e-01
-1.495657497183514872e-01
-1.475698244566477912e-01
-1.496887093167308391e-01
-1.534905864587904900e-01
-1.564969889243491563e-01
-1.572581293644293721e-01
-1.567200650994139965e-01
-1.531832689822247018e-01
-1.490971291808393384e-01
-1.477674597681522817e-01
-1.499966332816606296e-01
-1.589986243401623756e-01
-1.760939918837324536e-01
-1.997427994124097439e-01
-2.262578972928361576e-01
-2.499220809254563413e-01
-2.679847989348084769e-01
-2.784517574118767214e-01
-2.815093150273524913e-01
-2.830042325333650965e-01
-2.809533593185455924e-01
-2.792618467460528664e-01
-2.757921647959718503e-01
-2.739379707654555629e-01
-2.713853439949638346e-01
-2.715041196733183337e-01
-2.696373395530138328e-01
-2.684657151194773661e-01
-6.822415419373648038e-02
-7.201915738599437566e-02
-7.439362243958319576e-02
-7.585357335494585795e-02
-7.660152111431434152e-02
-7.684064191251303855e-02
-7.604452854431671682e-02
-7.415526731732578758e-02
-7.194637652742176537e-02
-6.800201388464428842e-02
-6.408121508645063524e-02
-6.059671664353751680e-02
-5.909726385859336018e-02
-6.082043875640727459e-02
-6.631854139879379828e-02
-7.515453901733953890e-02
-8.617106226380599754e-02
-9.691552831736224838e-02
-1.060102851444678640e-01
-1.121657383531953767e-01
-1.151008347226502720e-01
-1.153689884252324660e-01
-1.145274655318052059e-01
-1.134799304719240204e-01
-1.122932047393388755e-01
-8.333297043077664279e-01
-7.727109114476243823e-01
-7.042040992549752909e-01
-6.376754033213114514e-01
-5.849131773048187322e-01
-5.498205364412614982e-01
-5.306878176181621942e-01
-5.227385428848330129e-01
-5.194954757029525139e-01
-5.219828289780755748e-01
-5.293669241222426214e-01
-5.515271602218831948e-01
-5.859605064327767510e-01
-6.368525299398940520e-01
-7.038138471829373799e-01
-7.711675855044980432e-01
-8.319085676361932524e-01
-8.765588613364592163e-01
-9.034530892567966820e-01
-9.215869547114909910e-01
-9.248057640555792380e-01
-9.245131269738677826e-01
-9.165686425045110886e-01
-9.087934419798375796e-01
-9.023579138966932867e-01
-8.960955349230285139e-01
-8.952247644956972117e-01
-8.925756959699480131e-01
-8.908733867286193764e-01
-8.917032354560148200e-01
-8.891622507944568765e-01
-8.841591060709945715e-01
-1.276985907826002908e-01
-1.317936952077372603e-01
-1.372847533808236320e-01
-1.424470249640301112e-01
-1.456493831277888007e-01
-1.463719263070059062e-01
-1.459755694753410438e-01
-1.422596867584211000e-01
-1.378645289451811140e-01
-1.318540016973593632e-01
-1.273047805967713053e-01
-1.257539772259375077e-01
-1.298004701842436492e-01
-1.402025266437098017e-01
-1.569864850752242524e-01
-1.765293846302937175e-01
-1.967725550265715107e-01
-2.139274076861476248e-01
-2.259152456814143006e-01
-2.336593039202818911e-01
-2.373284623473864152e-01
-2.372520330044891324e-01
-2.353549832482468573e-01
-2.336280400214016950e-01
-2.308392238898648863e-01
-2.288447277574210958e-01
-6.988808811216104533e-02
-7.026477483776658040e-02
-7.080095792034743485e-02
-7.045747228917105531e-02
-6.989094300054835007e-02
-6.877703868517917596e-02
-6.720169377966554725e-02
-6.484906572189803875e-02
-6.138918008941055687e-02
-5.717786977504311918e-02
-5.388963771468690406e-02
-5.130561612622593776e-02
-5.127405153222423795e-02
-5.364977395918315434e-02
-5.901973427746241840e-02
-6.729636251343704134e-02
-7.574445741046520464e-02
-8.376251131527358285e-02
-8.994752647841337823e-02
-9.404865203690221387e-02
-5.724492574554882474e-01
-5.200756124456358265e-01
-4.797798125264075564e-01
-4.556505083773713105e-01
-4.408501684564903322e-01
-4.400060903350516139e-01
-4.380152150975868963e-01
-4.372889182259994678e-01
-4.368005446504658051e-01
-4.420183022973246945e-01
-4.546827771384853167e-01
-4.788477850563004345e-01
-5.206340348489563175e-01
-5.709822264503608968e-01
-6.298099178051917990e-01
-6.823133393641946931e-01
-7.262017043729167565e-01
-7.573246458791608182e-01
-7.800693555579836236e-01
-7.939920470503122329e-01
-7.953988827965273734e-01
-7.909459550315086629e-01
-7.860663550586410864e-01
-7.820370965243818029e-01
-7.772301324163157776e-01
-7.718545521533540787e-01
-7.675206600700719139e-01
-7.667391428520187180e-01
-7.659360045919781923e-01
-1.314642040813598645e-01
-1.354271783432068055e-01
-1.378140257810094582e-01
-1.375937746802116113e-01
-1.379280498912310027e-01
-1.353750688316927575e-01
-1.314739705383728974e-01
-1.263800870641326735e-01
-1.201581921500844280e-01
-1.141513124195627782e-01
-1.116572346948747491e-01
-1.122426026375618058e-01
-1.185273030154805340e-01
-1.291456627253310674e-01
-1.438822811812847657e-01
-1.597783435283779419e-01
-1.745584785763895364e-01
-1.866603167179879119e-01
-1.961564399055611696e-01
-2.013776595028443084e-01
-2.041635618370053751e-01
-2.041826080241186392e-01
-6.437032029182160331e-02
-6.419082703202869111e-02
-6.384339740332134472e-02
-6.315968609210974305e-02
-6.224849069155100750e-02
-6.099459097375947020e-02
-5.844079520279071849e-02
-5.586645702837410299e-02
-5.248244537700741397e-02
-4.909112202673816816e-02
-4.644021030138741069e-02
-4.525071135797943678e-02
-4.625061588613633978e-02
-4.976320487953249383e-02
-5.494254934601937312e-02
-4.112515830048599219e-01
-3.946206304075083882e-01
-3.890915469309216834e-01
-3.898331232883024966e-01
-3.924238155772299397e-01
-3.937532827048264572e-01
-3.923663209744057689e-01
-3.897865373823455326e-01
-3.875655755590710627e-01
-3.956558891738700123e-01
-4.095178254970383569e-01
-4.411737088058099721e-01
-4.823187296387950740e-01
-5.309658087941145910e-01
-5.752141515687912987e-01
-6.154801014370783196e-01
-6.470304830002817642e-01
-6.705684191887981704e-01
-6.862258212594722906e-01
-6.922731107334842982e-01
-6.980153795306187625e-01
-6.918938618932330975e-01
-6.913455760039651787e-01
-6.858946177283976597e-01
-6.797435121713094608e-01
-6.781450068481611471e-01
-1.298204584845558396e-01
-1.299266732177529471e-01
-1.293023253906762093e-01
-1.279788654926095615e-01
-1.258250423422553055e-01
-1.217852268189921622e-01
-1.167337880888653784e-01
-1.111703717651117973e-01
-1.053763369497767027e-01
-1.015629622902636808e-01
-1.008533206901861407e-01
-1.038457368028522648e-01
-1.115152099917223749e-01
-1.218132105913372204e-01
-1.344125927359648420e-01
-1.460361235802707658e-01
-1.567044660201117878e-01
-1.661136152906403651e-01
-5.801071844938248540e-02
-5.772704155761396866e-02
-5.740125317067489713e-02
-5.650458375609257455e-02
-5.523025688658018267e-02
-5.382835250072678934e-02
-5.127332461887893628e-02
-4.824951522134398457e-02
-4.530186150233813519e-02
-4.280071040669113092e-02
-3.530076125525238306e-01
-3.572402765565577121e-01
-3.635363215339043053e-01
-3.685583766630600167e-01
-3.676028563657031678e-01
-3.639852861884750324e-01
-3.563632599000112755e-01
-3.524161226586580709e-01
-3.544167164155945793e-01
-3.663183060527658852e-01
-3.865877440144012689e-01
-4.184861045317165851e-01
-4.584135703444395249e-01
-4.965580156182586857e-01
-5.301394870964010186e-01
-5.588850502833112577e-01
-5.809229167428492380e-01
-5.978924936255093359e-01
-6.101760437977292728e-01
-6.200586250320655468e-01
-6.202327537785137235e-01
-6.149684374935439068e-01
-6.140696205959383924e-01
-1.213769439102928005e-01
-1.202656666735398561e-01
-1.189680403144040277e-01
-1.163021707324534276e-01
-1.130473217199320091e-01
-1.091707222812241529e-01
-1.035199011240895278e-01
-9.810413600007231172e-02
-9.422194059235833308e-02
-9.216117113048924447e-02
-9.410340417431913018e-02
-9.872711353127078260e-02
-1.063190916175212608e-01
-1.157356888754448032e-01
-5.277194493230527583e-02
-5.227856371813970754e-02
-5.144397026189564265e-02
-5.085851421680488010e-02
-4.924562514232608268e-02
-3.412784482056567814e-01
-3.474246408927121332e-01
-3.504742377961010957e-01
-3.477527526643900968e-01
-3.423631634201863005e-01
-3.332451778934190090e-01
-3.254833282144788953e-01
-3.242718483091503456e-01
-3.307618604999187917e-01
-3.475265776605181434e-01
-3.740554094661326934e-01
-4.054051654304902108e-01
-4.355284920641731561e-01
-4.637216232529401405e-01
-4.911713192420005258e-01
-5.098849345157240309e-01
-5.283115822835765529e-01
-5.429736127815540936e-01
-5.525817923844218438e-01
-5.557003231633339535e-01
-1.117230988558612359e-01
-1.107878641505236628e-01
-1.087076510586644784e-01
-1.056170645966663935e-01
-1.017455397149205770e-01
-9.682748514618448599e-02
-9.177315474136087114e-02
-8.812895963253279674e-02
-8.595761630855359992e-02
-8.632550790298200438e-02
-3.346545670820216256e-01
-3.356695351061510513e-01
-3.308156829923423747e-01
-3.218191057792156307e-01
-3.140599019945068959e-01
-3.057953644124787873e-01
-3.015705822680973536e-01
-3.055870638280812623e-01
-3.155469425262492633e-01
-3.388167753415624039e-01
-3.643692962757208442e-01
-3.908012803827948800e-01
-4.151446976197230576e-01
-4.345186938678344823e-01
-4.515940619653162624e-01
-4.683875121067402891e-01
-4.800803468695711840e-01
-1.030413254675005968e-01
-1.012980789194252301e-01
-9.873890632375297016e-02
-9.534691173072430692e-02
-9.116344687884703202e-02
-8.671673218056809296e-02
-3.222920653633218890e-01
-3.161481576139589800e-01
-3.080363096348212038e-01
-2.983759432618005025e-01
-2.888191299017707214e-01
-2.837068049600795505e-01
-2.847478502124048405e-01
-2.941056463258011622e-01
-3.095920625171224017e-01
-3.328866859333661776e-01
-3.545823450796283249e-01
-3.746769887200111504e-01
-3.923019903037395228e-01
-4.093174325241920597e-01
-9.502553661208198998e-02
-9.301396616867052547e-02
-3.022918615700258549e-01
-2.938960132307137374e-01
-2.832151047900820506e-01
-2.738613792038347983e-01
-2.675218339308976234e-01
-2.673166494913300495e-01
-2.743256765626967963e-01
-2.875948521132110081e-01
-3.060947636024453633e-01
-3.252632308618825796e-01
-3.447787434032593135e-01
-2.807865207581196065e-01
-2.702755520275677004e-01
-2.605603541120725120e-01
-2.544380503284844885e-01
-2.534007838895564468e-01
-2.578542258148574517e-01
-2.696325252459008670e-01
-2.854752233271420359e-01
-2.590759892084326665e-01
-2.492012525609141049e-01
-2.429429975432842448e-01
-2.402739548834043892e-01
-2.439396748697459649e-01
-2.390332937284083969e-01
-2.321722447878489526e-01
