1963
1	1	2	3	4
2	1	2	4	5
3	1	2	5	6
4	1	2	6	7
5	1	2	7	8
6	1	2	8	9
7	1	2	9	10
8	1	2	10	11
9	1	2	11	12
10	1	2	12	13
11	1	2	13	14
12	1	2	14	15
13	1	2	15	16
14	1	2	16	17
15	1	2	17	18
16	1	2	18	19
17	1	2	19	20
18	1	2	20	21
19	1	2	21	22
20	1	2	22	23
21	2	3	4	5
22	2	3	5	6
23	2	3	6	7
24	2	3	7	8
25	2	3	8	9
26	2	3	9	10
27	2	3	10	11
28	2	3	11	12
29	2	3	12	13
30	2	3	13	14
31	2	3	14	15
32	2	3	15	16
33	2	3	16	17
34	2	3	17	18
35	2	3	18	19
36	2	3	19	20
37	2	3	20	21
38	2	3	21	22
39	2	3	22	23
40	2	3	23	24
41	3	4	5	6
42	3	4	6	7
43	3	4	7	8
44	3	4	8	9
45	3	4	9	10
46	3	4	10	11
47	3	4	11	12
48	3	4	12	13
49	3	4	13	14
50	3	4	14	15
51	3	4	15	16
52	3	4	16	17
53	3	4	17	18
54	3	4	18	19
55	3	4	19	20
56	3	4	20	21
57	3	4	21	22
58	3	4	22	23
59	3	4	23	24
60	3	4	24	25
61	4	5	6	7
62	4	5	7	8
63	4	5	8	9
64	4	5	9	10
65	4	5	10	11
66	4	5	11	12
67	4	5	12	13
68	4	5	13	14
69	4	5	14	15
70	4	5	15	16
71	4	5	16	17
72	4	5	17	18
73	4	5	18	19
74	4	5	19	20
75	4	5	20	21
76	4	5	21	22
77	4	5	22	23
78	4	5	23	24
79	4	5	24	25
80	4	5	25	26
81	5	6	7	8
82	5	6	8	9
83	5	6	9	10
84	5	6	10	11
85	5	6	11	12
86	5	6	12	13
87	5	6	13	14
88	5	6	14	15
89	5	6	15	16
90	5	6	16	17
91	5	6	17	18
92	5	6	18	19
93	5	6	19	20
94	5	6	20	21
95	5	6	21	22
96	5	6	22	23
97	5	6	23	24
98	5	6	24	25
99	5	6	25	26
100	5	6	26	27
101	6	7	8	9
102	6	7	9	10
103	6	7	10	11
104	6	7	11	12
105	6	7	12	13
106	6	7	13	14
107	6	7	14	15
108	6	7	15	16
109	6	7	16	17
110	6	7	17	18
111	6	7	18	19
112	6	7	19	20
113	6	7	20	21
114	6	7	21	22
115	6	7	22	23
116	6	7	23	24
117	6	7	24	25
118	6	7	25	26
119	6	7	26	27
120	6	7	27	28
121	7	8	9	10
122	7	8	10	11
123	7	8	11	12
124	7	8	12	13
125	7	8	13	14
126	7	8	14	15
127	7	8	15	16
128	7	8	16	17
129	7	8	17	18
130	7	8	18	19
131	7	8	19	20
132	7	8	20	21
133	7	8	21	22
134	7	8	22	23
135	7	8	23	24
136	7	8	24	25
137	7	8	25	26
138	7	8	26	27
139	7	8	27	28
140	7	8	28	29
141	8	9	10	11
142	8	9	11	12
143	8	9	12	13
144	8	9	13	14
145	8	9	14	15
146	8	9	15	16
147	8	9	16	17
148	8	9	17	18
149	8	9	18	19
150	8	9	19	20
151	8	9	20	21
152	8	9	21	22
153	8	9	22	23
154	8	9	23	24
155	8	9	24	25
156	8	9	25	26
157	8	9	26	27
158	8	9	27	28
159	8	9	28	29
160	8	9	29	30
161	9	10	11	12
162	9	10	12	13
163	9	10	13	14
164	9	10	14	15
165	9	10	15	16
166	9	10	16	17
167	9	10	17	18
168	9	10	18	19
169	9	10	19	20
170	9	10	20	21
171	9	10	21	22
172	9	10	22	23
173	9	10	23	24
174	9	10	24	25
175	9	10	25	26
176	9	10	26	27
177	9	10	27	28
178	9	10	28	29
179	9	10	29	30
180	9	10	30	31
181	10	11	12	13
182	10	11	13	14
183	10	11	14	15
184	10	11	15	16
185	10	11	16	17
186	10	11	17	18
187	10	11	18	19
188	10	11	19	20
189	10	11	20	21
190	10	11	21	22
191	10	11	22	23
192	10	11	23	24
193	10	11	24	25
194	10	11	25	26
195	10	11	26	27
196	10	11	27	28
197	10	11	28	29
198	10	11	29	30
199	10	11	30	31
200	10	11	31	32
201	11	12	13	14
202	11	12	14	15
203	11	12	15	16
204	11	12	16	17
205	11	12	17	18
206	11	12	18	19
207	11	12	19	20
208	11	12	20	21
209	11	12	21	22
210	11	12	22	23
211	11	12	23	24
212	11	12	24	25
213	11	12	25	26
214	11	12	26	27
215	11	12	27	28
216	11	12	28	29
217	11	12	29	30
218	11	12	30	31
219	11	12	31	32
220	11	12	32	33
221	12	13	14	15
222	12	13	15	16
223	12	13	16	17
224	12	13	17	18
225	12	13	18	19
226	12	13	19	20
227	12	13	20	21
228	12	13	21	22
229	12	13	22	23
230	12	13	23	24
231	12	13	24	25
232	12	13	25	26
233	12	13	26	27
234	12	13	27	28
235	12	13	28	29
236	12	13	29	30
237	12	13	30	31
238	12	13	31	32
239	12	13	32	33
240	12	13	33	34
241	13	14	15	16
242	13	14	16	17
243	13	14	17	18
244	13	14	18	19
245	13	14	19	20
246	13	14	20	21
247	13	14	21	22
248	13	14	22	23
249	13	14	23	24
250	13	14	24	25
251	13	14	25	26
252	13	14	26	27
253	13	14	27	28
254	13	14	28	29
255	13	14	29	30
256	13	14	30	31
257	13	14	31	32
258	13	14	32	33
259	13	14	33	34
260	13	14	34	35
261	14	15	16	17
262	14	15	17	18
263	14	15	18	19
264	14	15	19	20
265	14	15	20	21
266	14	15	21	22
267	14	15	22	23
268	14	15	23	24
269	14	15	24	25
270	14	15	25	26
271	14	15	26	27
272	14	15	27	28
273	14	15	28	29
274	14	15	29	30
275	14	15	30	31
276	14	15	31	32
277	14	15	32	33
278	14	15	33	34
279	14	15	34	35
280	14	15	35	36
281	15	16	17	18
282	15	16	18	19
283	15	16	19	20
284	15	16	20	21
285	15	16	21	22
286	15	16	22	23
287	15	16	23	24
288	15	16	24	25
289	15	16	25	26
290	15	16	26	27
291	15	16	27	28
292	15	16	28	29
293	15	16	29	30
294	15	16	30	31
295	15	16	31	32
296	15	16	32	33
297	15	16	33	34
298	15	16	34	35
299	15	16	35	36
300	15	16	36	37
301	16	17	18	19
302	16	17	19	20
303	16	17	20	21
304	16	17	21	22
305	16	17	22	23
306	16	17	23	24
307	16	17	24	25
308	16	17	25	26
309	16	17	26	27
310	16	17	27	28
311	16	17	28	29
312	16	17	29	30
313	16	17	30	31
314	16	17	31	32
315	16	17	32	33
316	16	17	33	34
317	16	17	34	35
318	16	17	35	36
319	16	17	36	37
321	17	18	19	20
322	17	18	20	21
323	17	18	21	22
324	17	18	22	23
325	17	18	23	24
326	17	18	24	25
327	17	18	25	26
328	17	18	26	27
329	17	18	27	28
330	17	18	28	29
331	17	18	29	30
332	17	18	30	31
333	17	18	31	32
334	17	18	32	33
335	17	18	33	34
336	17	18	34	35
337	17	18	35	36
338	17	18	36	37
339	17	18	37	38
341	18	19	20	21
342	18	19	21	22
343	18	19	22	23
344	18	19	23	24
345	18	19	24	25
346	18	19	25	26
347	18	19	26	27
348	18	19	27	28
349	18	19	28	29
350	18	19	29	30
351	18	19	30	31
352	18	19	31	32
353	18	19	32	33
354	18	19	33	34
355	18	19	34	35
356	18	19	35	36
357	18	19	36	37
358	18	19	37	38
359	18	19	38	39
360	18	19	39	40
361	19	20	21	22
362	19	20	22	23
363	19	20	23	24
364	19	20	24	25
365	19	20	25	26
366	19	20	26	27
367	19	20	27	28
368	19	20	28	29
369	19	20	29	30
370	19	20	30	31
371	19	20	31	32
372	19	20	32	33
373	19	20	33	34
374	19	20	34	35
375	19	20	35	36
376	19	20	36	37
377	19	20	37	38
378	19	20	38	39
379	19	20	39	40
380	19	20	40	41
381	20	21	22	23
382	20	21	23	24
383	20	21	24	25
384	20	21	25	26
385	20	21	26	27
386	20	21	27	28
387	20	21	28	29
388	20	21	29	30
389	20	21	30	31
390	20	21	31	32
391	20	21	32	33
392	20	21	33	34
393	20	21	34	35
394	20	21	35	36
395	20	21	36	37
396	20	21	37	38
397	20	21	38	39
398	20	21	39	40
399	20	21	40	41
400	20	21	41	42
401	21	22	23	24
402	21	22	24	25
403	21	22	25	26
404	21	22	26	27
405	21	22	27	28
406	21	22	28	29
407	21	22	29	30
408	21	22	30	31
409	21	22	31	32
410	21	22	32	33
411	21	22	33	34
412	21	22	34	35
413	21	22	35	36
414	21	22	36	37
415	21	22	37	38
416	21	22	38	39
417	21	22	39	40
418	21	22	40	41
419	21	22	41	42
420	21	22	42	43
421	22	23	24	25
422	22	23	25	26
423	22	23	26	27
424	22	23	27	28
425	22	23	28	29
426	22	23	29	30
427	22	23	30	31
428	22	23	31	32
429	22	23	32	33
430	22	23	33	34
431	22	23	34	35
432	22	23	35	36
433	22	23	36	37
434	22	23	37	38
435	22	23	38	39
436	22	23	39	40
437	22	23	40	41
438	22	23	41	42
439	22	23	42	43
440	22	23	43	44
441	23	24	25	26
442	23	24	26	27
443	23	24	27	28
444	23	24	28	29
445	23	24	29	30
446	23	24	30	31
447	23	24	31	32
448	23	24	32	33
449	23	24	33	34
450	23	24	34	35
451	23	24	35	36
452	23	24	36	37
453	23	24	37	38
454	23	24	38	39
455	23	24	39	40
456	23	24	40	41
457	23	24	41	42
458	23	24	42	43
459	23	24	43	44
460	23	24	44	45
461	24	25	26	27
462	24	25	27	28
463	24	25	28	29
464	24	25	29	30
465	24	25	30	31
466	24	25	31	32
467	24	25	32	33
468	24	25	33	34
469	24	25	34	35
470	24	25	35	36
471	24	25	36	37
472	24	25	37	38
473	24	25	38	39
474	24	25	39	40
475	24	25	40	41
476	24	25	41	42
477	24	25	42	43
478	24	25	43	44
479	24	25	44	45
480	24	25	45	46
481	25	26	27	28
482	25	26	28	29
483	25	26	29	30
484	25	26	30	31
485	25	26	31	32
486	25	26	32	33
487	25	26	33	34
488	25	26	34	35
489	25	26	35	36
490	25	26	36	37
491	25	26	37	38
492	25	26	38	39
493	25	26	39	40
494	25	26	40	41
495	25	26	41	42
496	25	26	42	43
497	25	26	43	44
498	25	26	44	45
499	25	26	45	46
500	25	26	46	47
501	26	27	28	29
502	26	27	29	30
503	26	27	30	31
504	26	27	31	32
505	26	27	32	33
506	26	27	33	34
507	26	27	34	35
508	26	27	35	36
509	26	27	36	37
510	26	27	37	38
511	26	27	38	39
512	26	27	39	40
513	26	27	40	41
514	26	27	41	42
515	26	27	42	43
516	26	27	43	44
517	26	27	44	45
518	26	27	45	46
519	26	27	46	47
520	26	27	47	48
521	27	28	29	30
522	27	28	30	31
523	27	28	31	32
524	27	28	32	33
525	27	28	33	34
526	27	28	34	35
527	27	28	35	36
528	27	28	36	37
529	27	28	37	38
530	27	28	38	39
531	27	28	39	40
532	27	28	40	41
533	27	28	41	42
534	27	28	42	43
535	27	28	43	44
536	27	28	44	45
537	27	28	45	46
538	27	28	46	47
539	27	28	47	48
540	28	29	30	31
541	28	29	31	32
542	28	29	32	33
543	28	29	33	34
544	28	29	34	35
545	28	29	35	36
546	28	29	36	37
547	28	29	37	38
548	28	29	38	39
549	28	29	39	40
550	28	29	40	41
551	28	29	41	42
552	28	29	42	43
553	28	29	43	44
554	28	29	44	45
555	28	29	45	46
556	28	29	46	47
557	28	29	47	48
558	29	30	31	32
559	29	30	32	33
560	29	30	33	34
561	29	30	34	35
562	29	30	35	36
563	29	30	36	37
564	29	30	37	38
565	29	30	38	39
566	29	30	39	40
567	29	30	40	41
568	29	30	41	42
569	29	30	42	43
570	29	30	43	44
571	29	30	44	45
572	29	30	45	46
573	29	30	46	47
574	29	30	47	48
575	30	31	32	33
576	30	31	33	34
577	30	31	34	35
578	30	31	35	36
579	30	31	36	37
580	30	31	37	38
581	30	31	38	39
582	30	31	39	40
583	30	31	40	41
584	30	31	41	42
585	30	31	42	43
586	30	31	43	44
587	30	31	44	45
588	30	31	45	46
589	30	31	46	47
590	30	31	47	48
591	31	32	33	34
592	31	32	34	35
593	31	32	35	36
594	31	32	36	37
595	31	32	37	38
596	31	32	38	39
597	31	32	39	40
598	31	32	40	41
599	31	32	41	42
600	31	32	42	43
601	31	32	43	44
602	31	32	44	45
603	31	32	45	46
604	31	32	46	47
605	31	32	47	48
606	32	33	34	35
607	32	33	35	36
608	32	33	36	37
609	32	33	37	38
610	32	33	38	39
611	32	33	39	40
612	32	33	40	41
613	32	33	41	42
614	32	33	42	43
615	32	33	43	44
616	32	33	44	45
617	32	33	45	46
618	32	33	46	47
619	32	33	47	48
620	33	34	35	36
621	33	34	36	37
622	33	34	37	38
623	33	34	38	39
624	33	34	39	40
625	33	34	40	41
626	33	34	41	42
627	33	34	42	43
628	33	34	43	44
629	33	34	44	45
630	33	34	45	46
631	33	34	46	47
632	33	34	47	48
633	34	35	36	37
634	34	35	37	38
635	34	35	38	39
636	34	35	39	40
637	34	35	40	41
638	34	35	41	42
639	34	35	42	43
640	34	35	43	44
641	34	35	44	45
642	34	35	45	46
643	34	35	46	47
644	34	35	47	48
645	35	36	37	38
646	35	36	38	39
647	35	36	39	40
648	35	36	40	41
649	35	36	41	42
650	35	36	42	43
651	35	36	43	44
652	35	36	44	45
653	35	36	45	46
654	35	36	46	47
655	35	36	47	48
656	36	37	38	39
657	36	37	39	40
658	36	37	40	41
659	36	37	41	42
660	36	37	42	43
661	36	37	43	44
662	36	37	44	45
663	36	37	45	46
664	36	37	46	47
665	36	37	47	48
666	37	38	39	40
667	37	38	40	41
668	37	38	41	42
669	37	38	42	43
670	37	38	43	44
671	37	38	44	45
672	37	38	45	46
673	37	38	46	47
674	37	38	47	48
675	38	39	40	41
676	38	39	41	42
677	38	39	42	43
678	38	39	43	44
679	38	39	44	45
680	38	39	45	46
681	38	39	46	47
682	38	39	47	48
683	39	40	41	42
684	39	40	42	43
685	39	40	43	44
686	39	40	44	45
687	39	40	45	46
688	39	40	46	47
689	39	40	47	48
690	40	41	42	43
691	40	41	43	44
692	40	41	44	45
693	40	41	45	46
694	40	41	46	47
695	40	41	47	48
696	41	42	43	44
697	41	42	44	45
698	41	42	45	46
699	41	42	46	47
700	41	42	47	48
701	42	43	44	45
702	42	43	45	46
703	42	43	46	47
704	42	43	47	48
705	43	44	45	46
706	43	44	46	47
707	43	44	47	48
708	44	45	46	47
709	44	45	47	48
710	45	46	47	48
1	1	3	4	6
2	1	3	6	8
3	1	3	8	10
4	1	3	10	12
5	1	3	12	14
6	1	3	14	16
7	1	3	16	18
8	1	3	18	20
9	1	3	20	22
10	1	3	22	24
11	1	3	5	7
12	1	3	7	9
13	1	3	9	11
14	1	3	11	13
15	1	3	13	15
16	1	3	15	17
17	1	3	17	19
18	1	3	19	21
19	1	3	21	23
20	1	3	23	25
21	2	4	5	7
22	2	4	7	9
23	2	4	9	11
24	2	4	11	13
25	2	4	13	15
26	2	4	15	17
27	2	4	17	19
28	2	4	19	21
29	2	4	21	23
30	2	4	23	25
31	2	4	6	8
32	2	4	8	10
33	2	4	10	12
34	2	4	12	14
35	2	4	14	16
36	2	4	16	18
37	2	4	18	20
38	2	4	20	22
39	2	4	22	24
40	2	4	24	26
41	3	5	6	8
42	3	5	8	10
43	3	5	10	12
44	3	5	12	14
45	3	5	14	16
46	3	5	16	18
47	3	5	18	20
48	3	5	20	22
49	3	5	22	24
50	3	5	24	26
51	3	5	7	9
52	3	5	9	11
53	3	5	11	13
54	3	5	13	15
55	3	5	15	17
56	3	5	17	19
57	3	5	19	21
58	3	5	21	23
59	3	5	23	25
60	3	5	25	27
61	4	6	7	9
62	4	6	9	11
63	4	6	11	13
64	4	6	13	15
65	4	6	15	17
66	4	6	17	19
67	4	6	19	21
68	4	6	21	23
69	4	6	23	25
70	4	6	25	27
71	4	6	8	10
72	4	6	10	12
73	4	6	12	14
74	4	6	14	16
75	4	6	16	18
76	4	6	18	20
77	4	6	20	22
78	4	6	22	24
79	4	6	24	26
80	4	6	26	28
81	5	7	8	10
82	5	7	10	12
83	5	7	12	14
84	5	7	14	16
85	5	7	16	18
86	5	7	18	20
87	5	7	20	22
88	5	7	22	24
89	5	7	24	26
90	5	7	26	28
91	5	7	9	11
92	5	7	11	13
93	5	7	13	15
94	5	7	15	17
95	5	7	17	19
96	5	7	19	21
97	5	7	21	23
98	5	7	23	25
99	5	7	25	27
100	5	7	27	29
101	6	8	9	11
102	6	8	11	13
103	6	8	13	15
104	6	8	15	17
105	6	8	17	19
106	6	8	19	21
107	6	8	21	23
108	6	8	23	25
109	6	8	25	27
110	6	8	27	29
111	6	8	10	12
112	6	8	12	14
113	6	8	14	16
114	6	8	16	18
115	6	8	18	20
116	6	8	20	22
117	6	8	22	24
118	6	8	24	26
119	6	8	26	28
120	6	8	28	30
121	7	9	10	12
122	7	9	12	14
123	7	9	14	16
124	7	9	16	18
125	7	9	18	20
126	7	9	20	22
127	7	9	22	24
128	7	9	24	26
129	7	9	26	28
130	7	9	28	30
131	7	9	11	13
132	7	9	13	15
133	7	9	15	17
134	7	9	17	19
135	7	9	19	21
136	7	9	21	23
137	7	9	23	25
138	7	9	25	27
139	7	9	27	29
140	7	9	29	31
141	8	10	11	13
142	8	10	13	15
143	8	10	15	17
144	8	10	17	19
145	8	10	19	21
146	8	10	21	23
147	8	10	23	25
148	8	10	25	27
149	8	10	27	29
150	8	10	29	31
151	8	10	12	14
152	8	10	14	16
153	8	10	16	18
154	8	10	18	20
155	8	10	20	22
156	8	10	22	24
157	8	10	24	26
158	8	10	26	28
159	8	10	28	30
160	8	10	30	32
161	9	11	12	14
162	9	11	14	16
163	9	11	16	18
164	9	11	18	20
165	9	11	20	22
166	9	11	22	24
167	9	11	24	26
168	9	11	26	28
169	9	11	28	30
170	9	11	30	32
171	9	11	13	15
172	9	11	15	17
173	9	11	17	19
174	9	11	19	21
175	9	11	21	23
176	9	11	23	25
177	9	11	25	27
178	9	11	27	29
179	9	11	29	31
180	9	11	31	33
181	10	12	13	15
182	10	12	15	17
183	10	12	17	19
184	10	12	19	21
185	10	12	21	23
186	10	12	23	25
187	10	12	25	27
188	10	12	27	29
189	10	12	29	31
190	10	12	31	33
191	10	12	14	16
192	10	12	16	18
193	10	12	18	20
194	10	12	20	22
195	10	12	22	24
196	10	12	24	26
197	10	12	26	28
198	10	12	28	30
199	10	12	30	32
200	10	12	32	34
201	11	13	14	16
202	11	13	16	18
203	11	13	18	20
204	11	13	20	22
205	11	13	22	24
206	11	13	24	26
207	11	13	26	28
208	11	13	28	30
209	11	13	30	32
210	11	13	32	34
211	11	13	15	17
212	11	13	17	19
213	11	13	19	21
214	11	13	21	23
215	11	13	23	25
216	11	13	25	27
217	11	13	27	29
218	11	13	29	31
219	11	13	31	33
220	11	13	33	35
221	12	14	15	17
222	12	14	17	19
223	12	14	19	21
224	12	14	21	23
225	12	14	23	25
226	12	14	25	27
227	12	14	27	29
228	12	14	29	31
229	12	14	31	33
230	12	14	33	35
231	12	14	16	18
232	12	14	18	20
233	12	14	20	22
234	12	14	22	24
235	12	14	24	26
236	12	14	26	28
237	12	14	28	30
238	12	14	30	32
239	12	14	32	34
240	12	14	34	36
241	13	15	16	18
242	13	15	18	20
243	13	15	20	22
244	13	15	22	24
245	13	15	24	26
246	13	15	26	28
247	13	15	28	30
248	13	15	30	32
249	13	15	32	34
250	13	15	34	36
251	13	15	17	19
252	13	15	19	21
253	13	15	21	23
254	13	15	23	25
255	13	15	25	27
256	13	15	27	29
257	13	15	29	31
258	13	15	31	33
259	13	15	33	35
260	13	15	35	37
261	14	16	17	19
262	14	16	19	21
263	14	16	21	23
264	14	16	23	25
265	14	16	25	27
266	14	16	27	29
267	14	16	29	31
268	14	16	31	33
269	14	16	33	35
270	14	16	35	37
271	14	16	18	20
272	14	16	20	22
273	14	16	22	24
274	14	16	24	26
275	14	16	26	28
276	14	16	28	30
277	14	16	30	32
278	14	16	32	34
279	14	16	34	36
280	14	16	36	38
281	15	17	18	20
282	15	17	20	22
283	15	17	22	24
284	15	17	24	26
285	15	17	26	28
286	15	17	28	30
287	15	17	30	32
288	15	17	32	34
289	15	17	34	36
290	15	17	36	38
291	15	17	19	21
292	15	17	21	23
293	15	17	23	25
294	15	17	25	27
295	15	17	27	29
296	15	17	29	31
297	15	17	31	33
298	15	17	33	35
299	15	17	35	37
300	15	17	37	39
301	16	18	19	21
302	16	18	21	23
303	16	18	23	25
304	16	18	25	27
305	16	18	27	29
306	16	18	29	31
307	16	18	31	33
308	16	18	33	35
309	16	18	35	37
310	16	18	37	39
311	16	18	20	22
312	16	18	22	24
313	16	18	24	26
314	16	18	26	28
315	16	18	28	30
316	16	18	30	32
317	16	18	32	34
318	16	18	34	36
319	16	18	36	38
320	16	18	38	40
321	17	19	20	22
322	17	19	22	24
323	17	19	24	26
324	17	19	26	28
325	17	19	28	30
326	17	19	30	32
327	17	19	32	34
328	17	19	34	36
329	17	19	36	38
330	17	19	38	40
331	17	19	21	23
332	17	19	23	25
333	17	19	25	27
334	17	19	27	29
335	17	19	29	31
336	17	19	31	33
337	17	19	33	35
338	17	19	35	37
339	17	19	37	39
340	17	19	39	41
341	18	20	21	23
342	18	20	23	25
343	18	20	25	27
344	18	20	27	29
345	18	20	29	31
346	18	20	31	33
347	18	20	33	35
348	18	20	35	37
349	18	20	37	39
350	18	20	39	41
351	18	20	22	24
352	18	20	24	26
353	18	20	26	28
354	18	20	28	30
355	18	20	30	32
356	18	20	32	34
357	18	20	34	36
358	18	20	36	38
359	18	20	38	40
360	18	20	40	42
361	19	21	22	24
362	19	21	24	26
363	19	21	26	28
364	19	21	28	30
365	19	21	30	32
366	19	21	32	34
367	19	21	34	36
368	19	21	36	38
369	19	21	38	40
370	19	21	40	42
371	19	21	23	25
372	19	21	25	27
373	19	21	27	29
374	19	21	29	31
375	19	21	31	33
376	19	21	33	35
377	19	21	35	37
378	19	21	37	39
379	19	21	39	41
380	19	21	41	43
381	20	22	23	25
382	20	22	25	27
383	20	22	27	29
384	20	22	29	31
385	20	22	31	33
386	20	22	33	35
387	20	22	35	37
388	20	22	37	39
389	20	22	39	41
390	20	22	41	43
391	20	22	24	26
392	20	22	26	28
393	20	22	28	30
394	20	22	30	32
395	20	22	32	34
396	20	22	34	36
397	20	22	36	38
398	20	22	38	40
399	20	22	40	42
400	20	22	42	44
401	21	23	24	26
402	21	23	26	28
403	21	23	28	30
404	21	23	30	32
405	21	23	32	34
406	21	23	34	36
407	21	23	36	38
408	21	23	38	40
409	21	23	40	42
410	21	23	42	44
411	21	23	25	27
412	21	23	27	29
413	21	23	29	31
414	21	23	31	33
415	21	23	33	35
416	21	23	35	37
417	21	23	37	39
418	21	23	39	41
419	21	23	41	43
420	21	23	43	45
421	22	24	25	27
422	22	24	27	29
423	22	24	29	31
424	22	24	31	33
425	22	24	33	35
426	22	24	35	37
427	22	24	37	39
428	22	24	39	41
429	22	24	41	43
430	22	24	43	45
431	22	24	26	28
432	22	24	28	30
433	22	24	30	32
434	22	24	32	34
435	22	24	34	36
436	22	24	36	38
437	22	24	38	40
438	22	24	40	42
439	22	24	42	44
440	22	24	44	46
441	23	25	26	28
442	23	25	28	30
443	23	25	30	32
444	23	25	32	34
445	23	25	34	36
446	23	25	36	38
447	23	25	38	40
448	23	25	40	42
449	23	25	42	44
450	23	25	44	46
451	23	25	27	29
452	23	25	29	31
453	23	25	31	33
454	23	25	33	35
455	23	25	35	37
456	23	25	37	39
457	23	25	39	41
458	23	25	41	43
459	23	25	43	45
460	23	25	45	47
461	24	26	27	29
462	24	26	29	31
463	24	26	31	33
464	24	26	33	35
465	24	26	35	37
466	24	26	37	39
467	24	26	39	41
468	24	26	41	43
469	24	26	43	45
470	24	26	45	47
471	24	26	28	30
472	24	26	30	32
473	24	26	32	34
474	24	26	34	36
475	24	26	36	38
476	24	26	38	40
477	24	26	40	42
478	24	26	42	44
479	24	26	44	46
480	24	26	46	48
481	25	27	28	30
482	25	27	30	32
483	25	27	32	34
484	25	27	34	36
485	25	27	36	38
486	25	27	38	40
487	25	27	40	42
488	25	27	42	44
489	25	27	44	46
490	25	27	46	48
491	25	27	29	31
492	25	27	31	33
493	25	27	33	35
494	25	27	35	37
495	25	27	37	39
496	25	27	39	41
497	25	27	41	43
498	25	27	43	45
499	25	27	45	47
500	26	28	29	31
501	26	28	31	33
502	26	28	33	35
503	26	28	35	37
504	26	28	37	39
505	26	28	39	41
506	26	28	41	43
507	26	28	43	45
508	26	28	45	47
509	26	28	30	32
510	26	28	32	34
511	26	28	34	36
512	26	28	36	38
513	26	28	38	40
514	26	28	40	42
515	26	28	42	44
516	26	28	44	46
517	26	28	46	48
518	27	29	30	32
519	27	29	32	34
520	27	29	34	36
521	27	29	36	38
522	27	29	38	40
523	27	29	40	42
524	27	29	42	44
525	27	29	44	46
526	27	29	46	48
527	27	29	31	33
528	27	29	33	35
529	27	29	35	37
530	27	29	37	39
531	27	29	39	41
532	27	29	41	43
533	27	29	43	45
534	27	29	45	47
535	28	30	31	33
536	28	30	33	35
537	28	30	35	37
538	28	30	37	39
539	28	30	39	41
540	28	30	41	43
541	28	30	43	45
542	28	30	45	47
543	28	30	32	34
544	28	30	34	36
545	28	30	36	38
546	28	30	38	40
547	28	30	40	42
548	28	30	42	44
549	28	30	44	46
550	28	30	46	48
551	29	31	32	34
552	29	31	34	36
553	29	31	36	38
554	29	31	38	40
555	29	31	40	42
556	29	31	42	44
557	29	31	44	46
558	29	31	46	48
559	29	31	33	35
560	29	31	35	37
561	29	31	37	39
562	29	31	39	41
563	29	31	41	43
564	29	31	43	45
565	29	31	45	47
566	30	32	33	35
567	30	32	35	37
568	30	32	37	39
569	30	32	39	41
570	30	32	41	43
571	30	32	43	45
572	30	32	45	47
573	30	32	34	36
574	30	32	36	38
575	30	32	38	40
576	30	32	40	42
577	30	32	42	44
578	30	32	44	46
579	30	32	46	48
580	31	33	34	36
581	31	33	36	38
582	31	33	38	40
583	31	33	40	42
584	31	33	42	44
585	31	33	44	46
586	31	33	46	48
587	31	33	35	37
588	31	33	37	39
589	31	33	39	41
590	31	33	41	43
591	31	33	43	45
592	31	33	45	47
593	32	34	35	37
594	32	34	37	39
595	32	34	39	41
596	32	34	41	43
597	32	34	43	45
598	32	34	45	47
599	32	34	36	38
600	32	34	38	40
601	32	34	40	42
602	32	34	42	44
603	32	34	44	46
604	32	34	46	48
605	33	35	36	38
606	33	35	38	40
607	33	35	40	42
608	33	35	42	44
609	33	35	44	46
610	33	35	46	48
611	33	35	37	39
612	33	35	39	41
613	33	35	41	43
614	33	35	43	45
615	33	35	45	47
616	34	36	37	39
617	34	36	39	41
618	34	36	41	43
619	34	36	43	45
620	34	36	45	47
621	34	36	38	40
622	34	36	40	42
623	34	36	42	44
624	34	36	44	46
625	34	36	46	48
626	35	37	38	40
627	35	37	40	42
628	35	37	42	44
629	35	37	44	46
630	35	37	46	48
631	35	37	39	41
632	35	37	41	43
633	35	37	43	45
634	35	37	45	47
635	36	38	39	41
636	36	38	41	43
637	36	38	43	45
638	36	38	45	47
639	36	38	40	42
640	36	38	42	44
641	36	38	44	46
642	36	38	46	48
643	37	39	40	42
644	37	39	42	44
645	37	39	44	46
646	37	39	46	48
647	37	39	41	43
648	37	39	43	45
649	37	39	45	47
650	38	40	41	43
651	38	40	43	45
652	38	40	45	47
653	38	40	42	44
654	38	40	44	46
655	38	40	46	48
656	39	41	42	44
657	39	41	44	46
658	39	41	46	48
659	39	41	43	45
660	39	41	45	47
661	40	42	43	45
662	40	42	45	47
663	40	42	44	46
664	40	42	46	48
665	41	43	44	46
666	41	43	46	48
667	41	43	45	47
668	42	44	45	47
669	42	44	46	48
670	43	45	46	48
1	1	4	5	8
2	1	4	8	11
3	1	4	11	14
4	1	4	14	17
5	1	4	17	20
6	1	4	20	23
7	1	4	6	9
8	1	4	9	12
9	1	4	12	15
10	1	4	7	10
11	1	4	10	13
12	1	4	13	16
13	1	4	16	19
14	1	4	19	22
15	1	4	22	25
16	1	4	15	18
17	1	4	18	21
18	1	4	21	24
19	2	5	6	9
20	2	5	9	12
21	2	5	12	15
22	2	5	15	18
23	2	5	18	21
24	2	5	21	24
25	2	5	7	10
26	2	5	10	13
27	2	5	13	16
28	2	5	8	11
29	2	5	11	14
30	2	5	14	17
31	2	5	17	20
32	2	5	20	23
33	2	5	23	26
34	2	5	16	19
35	2	5	19	22
36	2	5	22	25
37	3	6	7	10
38	3	6	10	13
39	3	6	13	16
40	3	6	16	19
41	3	6	19	22
42	3	6	22	25
43	3	6	8	11
44	3	6	11	14
45	3	6	14	17
46	3	6	9	12
47	3	6	12	15
48	3	6	15	18
49	3	6	18	21
50	3	6	21	24
51	3	6	24	27
52	3	6	17	20
53	3	6	20	23
54	3	6	23	26
55	4	7	8	11
56	4	7	11	14
57	4	7	14	17
58	4	7	17	20
59	4	7	20	23
60	4	7	23	26
61	4	7	9	12
62	4	7	12	15
63	4	7	15	18
64	4	7	10	13
65	4	7	13	16
66	4	7	16	19
67	4	7	19	22
68	4	7	22	25
69	4	7	25	28
70	4	7	18	21
71	4	7	21	24
72	4	7	24	27
73	5	8	9	12
74	5	8	12	15
75	5	8	15	18
76	5	8	18	21
77	5	8	21	24
78	5	8	24	27
79	5	8	10	13
80	5	8	13	16
81	5	8	16	19
82	5	8	11	14
83	5	8	14	17
84	5	8	17	20
85	5	8	20	23
86	5	8	23	26
87	5	8	26	29
88	5	8	19	22
89	5	8	22	25
90	5	8	25	28
91	6	9	10	13
92	6	9	13	16
93	6	9	16	19
94	6	9	19	22
95	6	9	22	25
96	6	9	25	28
97	6	9	11	14
98	6	9	14	17
99	6	9	17	20
100	6	9	12	15
101	6	9	15	18
102	6	9	18	21
103	6	9	21	24
104	6	9	24	27
105	6	9	27	30
106	6	9	20	23
107	6	9	23	26
108	6	9	26	29
109	7	10	11	14
110	7	10	14	17
111	7	10	17	20
112	7	10	20	23
113	7	10	23	26
114	7	10	26	29
115	7	10	12	15
116	7	10	15	18
117	7	10	18	21
118	7	10	13	16
119	7	10	16	19
120	7	10	19	22
121	7	10	22	25
122	7	10	25	28
123	7	10	28	31
124	7	10	21	24
125	7	10	24	27
126	7	10	27	30
127	8	11	12	15
128	8	11	15	18
129	8	11	18	21
130	8	11	21	24
131	8	11	24	27
132	8	11	27	30
133	8	11	13	16
134	8	11	16	19
135	8	11	19	22
136	8	11	14	17
137	8	11	17	20
138	8	11	20	23
139	8	11	23	26
140	8	11	26	29
141	8	11	29	32
142	8	11	22	25
143	8	11	25	28
144	8	11	28	31
145	9	12	13	16
146	9	12	16	19
147	9	12	19	22
148	9	12	22	25
149	9	12	25	28
150	9	12	28	31
151	9	12	14	17
152	9	12	17	20
153	9	12	20	23
154	9	12	15	18
155	9	12	18	21
156	9	12	21	24
157	9	12	24	27
158	9	12	27	30
159	9	12	30	33
160	9	12	23	26
161	9	12	26	29
162	9	12	29	32
163	10	13	14	17
164	10	13	17	20
165	10	13	20	23
166	10	13	23	26
167	10	13	26	29
168	10	13	29	32
169	10	13	15	18
170	10	13	18	21
171	10	13	21	24
172	10	13	16	19
173	10	13	19	22
174	10	13	22	25
175	10	13	25	28
176	10	13	28	31
177	10	13	31	34
178	10	13	24	27
179	10	13	27	30
180	10	13	30	33
181	11	14	15	18
182	11	14	18	21
183	11	14	21	24
184	11	14	24	27
185	11	14	27	30
186	11	14	30	33
187	11	14	16	19
188	11	14	19	22
189	11	14	22	25
190	11	14	17	20
191	11	14	20	23
192	11	14	23	26
193	11	14	26	29
194	11	14	29	32
195	11	14	32	35
196	11	14	25	28
197	11	14	28	31
198	11	14	31	34
199	12	15	16	19
200	12	15	19	22
201	12	15	22	25
202	12	15	25	28
203	12	15	28	31
204	12	15	31	34
205	12	15	17	20
206	12	15	20	23
207	12	15	23	26
208	12	15	18	21
209	12	15	21	24
210	12	15	24	27
211	12	15	27	30
212	12	15	30	33
213	12	15	33	36
214	12	15	26	29
215	12	15	29	32
216	12	15	32	35
217	13	16	17	20
218	13	16	20	23
219	13	16	23	26
220	13	16	26	29
221	13	16	29	32
222	13	16	32	35
223	13	16	18	21
224	13	16	21	24
225	13	16	24	27
226	13	16	19	22
227	13	16	22	25
228	13	16	25	28
229	13	16	28	31
230	13	16	31	34
231	13	16	34	37
232	13	16	27	30
233	13	16	30	33
234	13	16	33	36
235	14	17	18	21
236	14	17	21	24
237	14	17	24	27
238	14	17	27	30
239	14	17	30	33
240	14	17	33	36
241	14	17	19	22
242	14	17	22	25
243	14	17	25	28
244	14	17	20	23
245	14	17	23	26
246	14	17	26	29
247	14	17	29	32
248	14	17	32	35
249	14	17	35	38
250	14	17	28	31
251	14	17	31	34
252	14	17	34	37
253	15	18	19	22
254	15	18	22	25
255	15	18	25	28
256	15	18	28	31
257	15	18	31	34
258	15	18	34	37
259	15	18	20	23
260	15	18	23	26
261	15	18	26	29
262	15	18	21	24
263	15	18	24	27
264	15	18	27	30
265	15	18	30	33
266	15	18	33	36
267	15	18	36	39
268	15	18	29	32
269	15	18	32	35
270	15	18	35	38
271	16	19	20	23
272	16	19	23	26
273	16	19	26	29
274	16	19	29	32
275	16	19	32	35
276	16	19	35	38
277	16	19	21	24
278	16	19	24	27
279	16	19	27	30
280	16	19	22	25
281	16	19	25	28
282	16	19	28	31
283	16	19	31	34
284	16	19	34	37
285	16	19	37	40
286	16	19	30	33
287	16	19	33	36
288	16	19	36	39
289	17	20	21	24
290	17	20	24	27
291	17	20	27	30
292	17	20	30	33
293	17	20	33	36
294	17	20	36	39
295	17	20	22	25
296	17	20	25	28
297	17	20	28	31
298	17	20	23	26
299	17	20	26	29
300	17	20	29	32
301	17	20	32	35
302	17	20	35	38
303	17	20	38	41
304	17	20	31	34
305	17	20	34	37
306	17	20	37	40
307	18	21	22	25
308	18	21	25	28
309	18	21	28	31
310	18	21	31	34
311	18	21	34	37
312	18	21	37	40
313	18	21	23	26
314	18	21	26	29
315	18	21	29	32
316	18	21	24	27
317	18	21	27	30
318	18	21	30	33
319	18	21	33	36
320	18	21	36	39
321	18	21	39	42
322	18	21	32	35
323	18	21	35	38
324	18	21	38	41
325	19	22	23	26
326	19	22	26	29
327	19	22	29	32
328	19	22	32	35
329	19	22	35	38
330	19	22	38	41
331	19	22	24	27
332	19	22	27	30
333	19	22	30	33
334	19	22	25	28
335	19	22	28	31
336	19	22	31	34
337	19	22	34	37
338	19	22	37	40
339	19	22	40	43
340	19	22	33	36
341	19	22	36	39
342	19	22	39	42
343	20	23	24	27
344	20	23	27	30
345	20	23	30	33
346	20	23	33	36
347	20	23	36	39
348	20	23	39	42
349	20	23	25	28
350	20	23	28	31
351	20	23	31	34
352	20	23	26	29
353	20	23	29	32
354	20	23	32	35
355	20	23	35	38
356	20	23	38	41
357	20	23	41	44
358	20	23	34	37
359	20	23	37	40
360	20	23	40	43
361	21	24	25	28
362	21	24	28	31
363	21	24	31	34
364	21	24	34	37
365	21	24	37	40
366	21	24	40	43
367	21	24	26	29
368	21	24	29	32
369	21	24	32	35
370	21	24	27	30
371	21	24	30	33
372	21	24	33	36
373	21	24	36	39
374	21	24	39	42
375	21	24	42	45
376	21	24	35	38
377	21	24	38	41
378	21	24	41	44
379	22	25	26	29
380	22	25	29	32
381	22	25	32	35
382	22	25	35	38
383	22	25	38	41
384	22	25	41	44
385	22	25	27	30
386	22	25	30	33
387	22	25	33	36
388	22	25	28	31
389	22	25	31	34
390	22	25	34	37
391	22	25	37	40
392	22	25	40	43
393	22	25	43	46
394	22	25	36	39
395	22	25	39	42
396	22	25	42	45
397	23	26	27	30
398	23	26	30	33
399	23	26	33	36
400	23	26	36	39
401	23	26	39	42
402	23	26	42	45
403	23	26	28	31
404	23	26	31	34
405	23	26	34	37
406	23	26	29	32
407	23	26	32	35
408	23	26	35	38
409	23	26	38	41
410	23	26	41	44
411	23	26	44	47
412	23	26	37	40
413	23	26	40	43
414	23	26	43	46
415	24	27	28	31
416	24	27	31	34
417	24	27	34	37
418	24	27	37	40
419	24	27	40	43
420	24	27	43	46
421	24	27	29	32
422	24	27	32	35
423	24	27	35	38
424	24	27	30	33
425	24	27	33	36
426	24	27	36	39
427	24	27	39	42
428	24	27	42	45
429	24	27	45	48
430	24	27	38	41
431	24	27	41	44
432	24	27	44	47
433	25	28	29	32
434	25	28	32	35
435	25	28	35	38
436	25	28	38	41
437	25	28	41	44
438	25	28	44	47
439	25	28	30	33
440	25	28	33	36
441	25	28	36	39
442	25	28	31	34
443	25	28	34	37
444	25	28	37	40
445	25	28	40	43
446	25	28	43	46
447	25	28	39	42
448	25	28	42	45
449	25	28	45	48
450	26	29	30	33
451	26	29	33	36
452	26	29	36	39
453	26	29	39	42
454	26	29	42	45
455	26	29	45	48
456	26	29	31	34
457	26	29	34	37
458	26	29	37	40
459	26	29	32	35
460	26	29	35	38
461	26	29	38	41
462	26	29	41	44
463	26	29	44	47
464	26	29	40	43
465	26	29	43	46
466	27	30	31	34
467	27	30	34	37
468	27	30	37	40
469	27	30	40	43
470	27	30	43	46
471	27	30	32	35
472	27	30	35	38
473	27	30	38	41
474	27	30	41	44
475	27	30	33	36
476	27	30	36	39
477	27	30	39	42
478	27	30	42	45
479	27	30	45	48
480	27	30	44	47
481	28	31	32	35
482	28	31	35	38
483	28	31	38	41
484	28	31	41	44
485	28	31	44	47
486	28	31	33	36
487	28	31	36	39
488	28	31	39	42
489	28	31	42	45
490	28	31	34	37
491	28	31	37	40
492	28	31	40	43
493	28	31	43	46
494	28	31	45	48
495	29	32	33	36
496	29	32	36	39
497	29	32	39	42
498	29	32	42	45
499	29	32	45	48
500	29	32	34	37
501	29	32	37	40
502	29	32	40	43
503	29	32	43	46
504	29	32	35	38
505	29	32	38	41
506	29	32	41	44
507	29	32	44	47
508	30	33	34	37
509	30	33	37	40
510	30	33	40	43
511	30	33	43	46
512	30	33	35	38
513	30	33	38	41
514	30	33	41	44
515	30	33	44	47
516	30	33	36	39
517	30	33	39	42
518	30	33	42	45
519	30	33	45	48
520	31	34	35	38
521	31	34	38	41
522	31	34	41	44
523	31	34	44	47
524	31	34	36	39
525	31	34	39	42
526	31	34	42	45
527	31	34	45	48
528	31	34	37	40
529	31	34	40	43
530	31	34	43	46
531	32	35	36	39
532	32	35	39	42
533	32	35	42	45
534	32	35	45	48
535	32	35	37	40
536	32	35	40	43
537	32	35	43	46
538	32	35	38	41
539	32	35	41	44
540	32	35	44	47
541	33	36	37	40
542	33	36	40	43
543	33	36	43	46
544	33	36	38	41
545	33	36	41	44
546	33	36	44	47
547	33	36	39	42
548	33	36	42	45
549	33	36	45	48
550	34	37	38	41
551	34	37	41	44
552	34	37	44	47
553	34	37	39	42
554	34	37	42	45
555	34	37	45	48
556	34	37	40	43
557	34	37	43	46
558	35	38	39	42
559	35	38	42	45
560	35	38	45	48
561	35	38	40	43
562	35	38	43	46
563	35	38	41	44
564	35	38	44	47
565	36	39	40	43
566	36	39	43	46
567	36	39	41	44
568	36	39	44	47
569	36	39	42	45
570	36	39	45	48
571	37	40	41	44
572	37	40	44	47
573	37	40	42	45
574	37	40	45	48
575	37	40	43	46
576	38	41	42	45
577	38	41	45	48
578	38	41	43	46
579	38	41	44	47
580	39	42	43	46
581	39	42	44	47
582	39	42	45	48
583	40	43	44	47
584	40	43	45	48
585	41	44	45	48
