Forward model and Jacobian matrix

    0    6  3.0    0    0


    0 << num_regions
    resistivity.dat
              
    0  << num_poly
  
  
  48  << num_electrodes
1	589
2	785
3	981
4	1177
5	1373
6	1569
7	1765
8	1961
9	2157
10	2353
11	2549
12	2745
13	2941
14	3137
15	3333
16	3529
17	3725
18	3921
19	4117
20	4313
21	4509
22	4705
23	4901
24	5097
25	5293
26	5489
27	5685
28	5881
29	6077
30	6273
31	6469
32	6665
33	6861
34	7057
35	7253
36	7449
37	7645
38	7841
39	8037
40	8233
41	8429
42	8625
43	8821
44	9017
45	9213
46	9409
47	9605
48	9801
