-5.197282012351322145e+00
-5.091063809186946898e+00
-5.305823473078724817e+00
-5.110791662298575844e+00
-5.101237202112115732e+00
-5.106328273453243582e+00
-5.264506052349509524e+00
-5.256195944333036607e+00
-5.123770336729222663e+00
-5.148955014755325799e+00
-5.128583796480031154e+00
-5.289415853965417469e+00
-5.253060389812651998e+00
-5.394587960146076000e+00
-5.247931215631090218e+00
-5.303088500246543546e+00
-5.373475734745908561e+00
-5.366882999087713380e+00
-5.275447513593066518e+00
-5.314066213113918913e+00
-5.295013756039097075e+00
-5.326680916215099870e+00
-5.305765717429247630e+00
-5.511281593640131149e+00
-5.132727713355653698e+00
-5.158741857897481964e+00
-5.225952983160687459e+00
-5.178790953171584555e+00
-5.181830720849584182e+00
-4.943964701899115077e+00
-5.252275771947168437e+00
-4.958203562309972057e+00
-5.485504124217789546e+00
-5.268836348805971959e+00
-5.245675736027325620e+00
-5.193782024814908027e+00
-5.287366050349072033e+00
-5.277759348415508533e+00
-5.357116184397062497e+00
-5.139493441921576533e+00
-5.233933529417920560e+00
-5.357569408640614483e+00
-5.221570682112541384e+00
-5.050744351558009271e+00
-5.272237984107184694e+00
-5.254352670896216715e+00
-5.341482456968397408e+00
-1.342417404832565442e+00
-1.322266792956961146e+00
-1.335526721844693121e+00
-1.348991035024341478e+00
-1.309051383822700476e+00
-1.323323513771238247e+00
-1.317474561627978824e+00
-1.346925491705545541e+00
-1.376254308734214282e+00
-1.331203804439937466e+00
-1.325132555828672620e+00
-1.320754049602158808e+00
-1.329791532491722439e+00
-1.370593390749872409e+00
-1.320519566301964876e+00
-1.297726017573062052e+00
-1.353001357915626146e+00
-1.346442794297852963e+00
-1.331798047819368724e+00
-1.370859911016931498e+00
-1.326720740632576279e+00
-1.314675168731886279e+00
-1.344642521735835761e+00
-1.308198643087981727e+00
-1.287603008697199014e+00
-1.375949334352711606e+00
-1.324336776703994412e+00
-1.353681040527041857e+00
-1.291323301830287429e+00
-1.370382427263640679e+00
-1.336184239421168041e+00
-1.329050383140244929e+00
-1.332480128705125555e+00
-1.308778418285820866e+00
-1.316222417223184227e+00
-1.284643951723059896e+00
-1.301851874059250402e+00
-1.302705030035703926e+00
-1.325477833763897273e+00
-1.325870107594708136e+00
-1.332894440399487124e+00
-1.299391834012252334e+00
-1.337492296808856951e+00
-1.327951481975977899e+00
-1.360926308325786760e+00
-1.357198070611426610e+00
-5.396001232874095832e-01
-5.049284104107584215e-01
-5.530637303702201635e-01
-5.538042500061006734e-01
-4.994962588984606655e-01
-5.254950035397820685e-01
-5.333954040291710719e-01
-5.124403817572529274e-01
-5.320860513611158638e-01
-5.548662732832297939e-01
-5.405643309445347100e-01
-5.353966347939400627e-01
-5.170829613095385691e-01
-5.243270552114130956e-01
-5.133363345175100401e-01
-5.399226646163634014e-01
-5.065196841207002532e-01
-5.245815024952661387e-01
-5.217380165699067041e-01
-5.175245491699669298e-01
-5.403496066463692182e-01
-5.297108078217874771e-01
-5.449030480953765965e-01
-5.426269770675268278e-01
-5.194583077530694482e-01
-5.366918696152056523e-01
-5.214448937561012576e-01
-5.269999183583115032e-01
-5.413351618245285657e-01
-5.321785138530493731e-01
-5.221931201986543813e-01
-5.337948443131274034e-01
-5.261407270878558640e-01
-5.254292836767593400e-01
-5.455165263742189907e-01
-5.077294641711564971e-01
-5.479286044867036631e-01
-5.206794787282105208e-01
-5.182048614388783392e-01
-5.092380685455348832e-01
-5.223965648463538836e-01
-5.253794506408203668e-01
-5.459354831509206640e-01
-5.388060063192778859e-01
-5.217894158380201874e-01
-2.726278497244820631e+00
-2.667816621030642210e+00
-2.652318919837577837e+00
-2.614898090158402688e+00
-2.650199637151376297e+00
-2.595558630716720216e+00
-2.598464605414619211e+00
-2.746964833668064099e+00
-2.720988719505419873e+00
-2.669765296051824333e+00
-2.583812540102102595e+00
-2.594297154109870718e+00
-2.582061729304116593e+00
-2.682721515923468303e+00
-2.613764979730715421e+00
-2.629802404269891536e+00
-2.592355609960713014e+00
-2.626093007945076607e+00
-2.666041620615359875e+00
-2.724078428517288764e+00
-2.705533933475580355e+00
-2.647157211036505142e+00
-2.744956311731054921e+00
-2.668489787676338487e+00
-2.576843266970213264e+00
-2.613719047501858128e+00
-2.700280062942610915e+00
-2.734929984635677158e+00
-2.639839401632251281e+00
-2.591617497424731908e+00
-2.618764228876516498e+00
-2.620414726053636567e+00
-2.655158959569431598e+00
-2.579592872566963457e+00
-2.693341661605676229e+00
-2.681052427962300921e+00
-2.670221812256138083e+00
-2.669814846296623134e+00
-2.642614356043425872e+00
-2.747736198716697054e+00
-2.602943537931554641e+00
-2.605131333565690710e+00
-2.628690563013768688e+00
-2.676318441286592353e+00
-6.859738088376543530e-01
-6.785145308364926020e-01
-6.702352772547268689e-01
-6.786117870207782898e-01
-6.680051600459274708e-01
-6.951650380585966404e-01
-6.924977367854264765e-01
-6.770415543602574804e-01
-6.487264508368495441e-01
-6.138899178499170883e-01
-5.918457812878641366e-01
-5.474961313726841583e-01
-5.569782453232746677e-01
-5.623071662755064759e-01
-5.485017008249808423e-01
-5.655727149974175694e-01
-5.781744691325489960e-01
-6.087375886333823427e-01
-6.513394828655972857e-01
-6.826103159551524246e-01
-6.803340633318076813e-01
-7.025891247267764816e-01
-6.727123363545014501e-01
-6.674545464299831421e-01
-6.789352362850268330e-01
-6.920326985099259920e-01
-6.701098477965649058e-01
-6.838278713968338751e-01
-6.458786182612965554e-01
-6.474498574979933307e-01
-6.555317204534748532e-01
-6.915683015528454325e-01
-6.675906891205798388e-01
-6.601013311086307844e-01
-6.605596357236486194e-01
-6.841589067468969443e-01
-6.399866133068955465e-01
-6.745880028069305423e-01
-6.572842891033832124e-01
-6.511893820666592170e-01
-6.768845782253367638e-01
-6.572544684514496360e-01
-2.679539577884760271e-01
-2.782800800332336788e-01
-2.780724311481818645e-01
-2.772331905825875520e-01
-2.770918970790552383e-01
-2.594023882696782080e-01
-2.529851226669049824e-01
-2.252030020550117029e-01
-2.008142848370882416e-01
-1.928245039471194189e-01
-1.777591196927723882e-01
-1.759538186237081248e-01
-1.783925464197526900e-01
-1.739507544178021392e-01
-1.788621074284158508e-01
-1.951439260461104996e-01
-2.097797176321764268e-01
-2.279126663105911499e-01
-2.569399313596655854e-01
-2.750566603901349327e-01
-2.764819728724860481e-01
-2.775956028387477348e-01
-2.803828418133222922e-01
-2.768080985277807105e-01
-2.672020374626096206e-01
-2.701957802817440135e-01
-2.653925078427039064e-01
-2.743755157356140839e-01
-2.618053921767758419e-01
-2.704599278401344509e-01
-2.743058516037761851e-01
-2.695369554153108638e-01
-2.608339307498368509e-01
-2.725023161688191475e-01
-2.748020763615628415e-01
-2.605817818289785093e-01
-2.753264754446307361e-01
-2.734135043580349644e-01
-2.548509085211654868e-01
-2.731782332198185448e-01
-1.811328087334112880e+00
-1.782036398599464944e+00
-1.784552988276788987e+00
-1.753865068451169407e+00
-1.837155090730149487e+00
-1.780159555554357453e+00
-1.808022652736611446e+00
-1.784626363260272575e+00
-1.659825159404007655e+00
-1.641429174301440197e+00
-1.617311823054107256e+00
-1.550154621338296845e+00
-1.544000679018751709e+00
-1.577366787087838063e+00
-1.563777757473768570e+00
-1.598384191655793707e+00
-1.678473402172566464e+00
-1.687712421213369840e+00
-1.755535073982537053e+00
-1.771110739116392718e+00
-1.854507462627360326e+00
-1.825611292868621893e+00
-1.782734309676936135e+00
-1.826852976273229734e+00
-1.899282052446426450e+00
-1.754448286328059048e+00
-1.792576331657756317e+00
-1.753702801587839755e+00
-1.759552045543537391e+00
-1.813462080209115701e+00
-1.770749111707179857e+00
-1.802089696591339774e+00
-1.734058987393737095e+00
-1.767727333917493926e+00
-1.748402076035622921e+00
-1.743698694794073356e+00
-1.781941135749683047e+00
-1.752363935122464911e+00
-1.699426578318944836e+00
-1.714450611474805264e+00
-1.738527333549314324e+00
-4.688555458079294302e-01
-4.869833640965684496e-01
-4.594681878056036117e-01
-4.496845448161788661e-01
-4.227313126065126991e-01
-3.979972291224291303e-01
-3.665020986482738219e-01
-3.281414835376746386e-01
-2.950493892968821807e-01
-2.867264846755203100e-01
-2.745871899434642049e-01
-2.663369484392787978e-01
-2.820948893319126793e-01
-2.828947101750906024e-01
-2.998170420719629692e-01
-3.220376921620148325e-01
-3.580756755697120375e-01
-3.999602289069132954e-01
-4.322250325812833638e-01
-4.502128779958347593e-01
-4.771916938945580666e-01
-4.649715612681272203e-01
-4.643395611120284538e-01
-4.543995269611408316e-01
-4.556931927795037640e-01
-4.574914260163603918e-01
-4.583070740397906517e-01
-4.459977762022804271e-01
-4.473589746406348433e-01
-4.487143198228915053e-01
-4.347322587381557968e-01
-4.533458960900118573e-01
-4.400561983899627383e-01
-4.458727625744615120e-01
-4.369081937732939847e-01
-4.489307586118905791e-01
-4.608536627851119172e-01
-4.487606844235085268e-01
-1.889341371212008291e-01
-1.641478835763976463e-01
-1.511670406165144254e-01
-1.331180084621016169e-01
-1.143612120020714301e-01
-1.021227999062920833e-01
-9.925174212053650136e-02
-9.661519368055931922e-02
-9.773149887455737095e-02
-9.779414215358050999e-02
-9.927380706101736341e-02
-9.621743708200580780e-02
-9.826529078212579982e-02
-1.008726638366265888e-01
-1.047061194586180882e-01
-1.172257274865021043e-01
-1.322065243863999040e-01
-1.519517566315451984e-01
-1.658342397872114016e-01
-1.848478231233654234e-01
-1.836815855399109021e-01
-1.907608413385884216e-01
-1.929272149243910217e-01
-1.857658373607273539e-01
-1.834059500883276628e-01
-1.827003447307965489e-01
-1.790168595367411242e-01
-1.846140002779219358e-01
-1.756371180245159536e-01
-1.790597277070276327e-01
-1.816030038251415235e-01
-1.757521743425277394e-01
-1.778765781026407644e-01
-1.774775388486902195e-01
-1.809677428682668898e-01
-1.345978299748095131e+00
-1.367980542861442217e+00
-1.414193979323963291e+00
-1.360743866066100427e+00
-1.329627624248423290e+00
-1.260490393573973300e+00
-1.194627266879052296e+00
-1.112634192137476496e+00
-1.073667743175046541e+00
-9.892893903611517104e-01
-9.847972552007105973e-01
-9.702617257296159980e-01
-9.892426836215694186e-01
-9.899890908974727788e-01
-1.022525193155991108e+00
-1.142174131393033365e+00
-1.225836824018656568e+00
-1.286689551418567223e+00
-1.377746000101656820e+00
-1.403724174524505930e+00
-1.377681387625729004e+00
-1.419965471551391856e+00
-1.397810453249838325e+00
-1.308225751188858643e+00
-1.369313268174998655e+00
-1.369832398029744214e+00
-1.292581622476276948e+00
-1.338258437484459940e+00
-1.293432106334396092e+00
-1.291883118131216701e+00
-1.353349405077079792e+00
-1.310652399478792640e+00
-1.320081818682704133e+00
-1.290348230759936543e+00
-1.323030662514188105e+00
-1.331961193067505933e+00
-1.288741118904832561e+00
-1.326384915872701020e+00
-3.345964850623812659e-01
-3.067211219630364138e-01
-2.720907292445598480e-01
-2.364824992876455589e-01
-2.176112717361182725e-01
-1.930428983451397684e-01
-1.879256197720194921e-01
-1.833940861170009762e-01
-1.894658393412418096e-01
-1.862702740586968664e-01
-1.815562725060423377e-01
-1.878055641143212828e-01
-1.876698167495179925e-01
-1.942064752294506980e-01
-2.108570817557551547e-01
-2.326063370887387072e-01
-2.774443235029094290e-01
-3.103620829860732067e-01
-3.229790990981809551e-01
-3.471346160981075291e-01
-3.466942839078491767e-01
-3.544821942426797379e-01
-3.555372070645342886e-01
-3.489603944687176829e-01
-3.417148350321112527e-01
-3.402984948228505724e-01
-3.431711469815705295e-01
-3.356857090062690951e-01
-3.322581094175046101e-01
-3.383564144365611148e-01
-3.237909720126186941e-01
-3.328259358691764147e-01
-3.243440456568709163e-01
-3.372535445332709436e-01
-7.901085985727651639e-02
-7.297993943358184465e-02
-6.982682178535207229e-02
-7.203079928150309119e-02
-7.889749621177190309e-02
-8.220713025245721117e-02
-8.429378689429162241e-02
-8.451306529483662566e-02
-8.409206771497895749e-02
-7.789339031035903693e-02
-7.922190938306136743e-02
-7.353301769879332095e-02
-7.162918230024994948e-02
-7.431368000753003911e-02
-7.852663589142522271e-02
-8.971815474314073779e-02
-1.003181506103403425e-01
-1.205439299552996946e-01
-1.340707088864716845e-01
-1.414410566731685859e-01
-1.411690572222255857e-01
-1.428885242651746212e-01
-1.428875977029801514e-01
-1.452239848128362709e-01
-1.393673314892788784e-01
-1.342181432806472674e-01
-1.386778877959312650e-01
-1.332745782747218610e-01
-1.354227929292420307e-01
-1.381691167434651868e-01
-1.109043204387678339e+00
-1.031158831285608812e+00
-1.031210838660793883e+00
-9.850826775702213878e-01
-9.074460615531053653e-01
-8.199177464085970479e-01
-7.718636263068648917e-01
-7.214857948182222813e-01
-7.053199890700708741e-01
-6.564195973113412519e-01
-7.026803109747941090e-01
-6.795909951649792280e-01
-7.067651176167266680e-01
-7.440133276622938885e-01
-8.404620493891848954e-01
-8.918549287629464750e-01
-9.841263043881510741e-01
-1.074159635246024980e+00
-1.044674545313045044e+00
-1.103011157307008938e+00
-1.104225878849587783e+00
-1.100322037974645673e+00
-1.087155615993798508e+00
-1.095454840296858245e+00
-1.084686143333509767e+00
-1.049020571234133392e+00
-1.083421839268581488e+00
-1.079566965533655276e+00
-1.081560214583862312e+00
-1.076804403224096873e+00
-1.102053393233043854e+00
-1.065720466281021350e+00
-1.055677837528966156e+00
-1.068035071344033193e+00
-1.071001671817478407e+00
-1.876067491873585069e-01
-1.585880744817444732e-01
-1.529201515293168168e-01
-1.464431988078262470e-01
-1.482636617566566450e-01
-1.576299482668801488e-01
-1.578153059664208213e-01
-1.555874586743820065e-01
-1.567693000165866213e-01
-1.568087754951634216e-01
-1.478420140393677251e-01
-1.480693133047980281e-01
-1.501967320529716543e-01
-1.611341051973386729e-01
-1.704376565666242127e-01
-2.018679136565099119e-01
-2.258190578107922564e-01
-2.537095164422235039e-01
-2.682660942474789367e-01
-2.731762785405785765e-01
-2.809866235048940064e-01
-2.928589719650329104e-01
-2.849607014273703998e-01
-2.789894317583587746e-01
-2.844820585877505525e-01
-2.692651308739562044e-01
-2.707931939283824696e-01
-2.638218430867607656e-01
-2.775526673853950799e-01
-2.691282187899903811e-01
-6.758950841290567446e-02
-7.147955817731675709e-02
-6.990026169421362234e-02
-7.835996710624341943e-02
-7.753779790473937228e-02
-7.742600540665468822e-02
-7.692881169650893358e-02
-7.542090021983546833e-02
-7.066450689953437947e-02
-6.750993364751359249e-02
-6.322971867819623948e-02
-6.356822724675911807e-02
-5.800938579812422308e-02
-6.094513214547610941e-02
-6.788570622676350086e-02
-7.662933780251805771e-02
-8.481823000985486138e-02
-9.804308632007732727e-02
-1.043910186176180838e-01
-1.090891645996282522e-01
-1.165883633881608650e-01
-1.204013403462254189e-01
-1.233849825033270786e-01
-1.128140161647208928e-01
-1.128172533813101008e-01
-8.153396054892386724e-01
-7.595208591540231202e-01
-6.780731076691371984e-01
-6.474010769589421121e-01
-5.868302577891026939e-01
-5.529760018587416281e-01
-5.589242060390129385e-01
-5.331995368587230111e-01
-5.091062732034111749e-01
-5.199114036048071430e-01
-5.428200658814700263e-01
-5.476951921786932242e-01
-5.923628251657738764e-01
-6.400617308690648155e-01
-7.363599861781171541e-01
-7.999317539506352048e-01
-8.416802160396683608e-01
-8.560800380279641741e-01
-9.133444227720152186e-01
-9.275831747735175936e-01
-9.204300031105249191e-01
-9.171653982393215276e-01
-9.221371963200746258e-01
-8.958365669987240487e-01
-8.833356886615316705e-01
-8.840804016808980759e-01
-9.060810776106439368e-01
-8.782845431840177186e-01
-8.512658694772176071e-01
-8.657346754066619354e-01
-8.990647692457575113e-01
-8.923543296658371649e-01
-1.258491150871717812e-01
-1.298353750816480801e-01
-1.375270138203241732e-01
-1.418375454308130612e-01
-1.454943831008916888e-01
-1.481582795612331194e-01
-1.456267380220601093e-01
-1.420589141204892658e-01
-1.312955591094071839e-01
-1.316055091214863026e-01
-1.250440958654523149e-01
-1.227327304209287762e-01
-1.285930158853077487e-01
-1.402903396606784148e-01
-1.535389101853444349e-01
-1.803536480823040022e-01
-1.997731616695634649e-01
-2.136349441805261151e-01
-2.221158314690295232e-01
-2.338137451086179930e-01
-2.366243491578968183e-01
-2.294838178022228781e-01
-2.397501403079743687e-01
-2.435037371505786030e-01
-2.312699408000047085e-01
-2.285726749366764898e-01
-7.056642947281156764e-02
-7.150765934614002062e-02
-7.016226624462906791e-02
-7.127145389071655457e-02
-7.037657746768948008e-02
-6.895222952960003426e-02
-6.913629793496081644e-02
-6.393505869548837817e-02
-6.191034541945747427e-02
-5.796136899706418044e-02
-5.241239878268653951e-02
-5.146735021830983747e-02
-4.946569722691957632e-02
-5.340079562325200646e-02
-5.615269939277697103e-02
-6.706745823514710658e-02
-7.598878229593329647e-02
-8.309145074353395388e-02
-8.709081650168745692e-02
-9.762058590895406063e-02
-5.625430066705656706e-01
-5.255582885152928485e-01
-4.942709443854200746e-01
-4.566813010135890583e-01
-4.448689690919244155e-01
-4.339429910902172227e-01
-4.476069653359158740e-01
-4.374034268204542997e-01
-4.418205061415206303e-01
-4.387089185401469305e-01
-4.626931589222572083e-01
-4.767466423854971325e-01
-5.239611775686061623e-01
-5.730796213940663186e-01
-6.410536435630453944e-01
-6.946897604745410071e-01
-7.382683824423773578e-01
-7.678873675375958996e-01
-7.778778229697910218e-01
-7.966719672826585441e-01
-7.633021293878712310e-01
-7.868463624520762867e-01
-7.655503810809122234e-01
-7.475954659852520612e-01
-7.949594321982673684e-01
-7.871286815694894523e-01
-7.823653795475209449e-01
-7.504068316316979681e-01
-7.823804157244967916e-01
-1.288049773259161979e-01
-1.342677891865983186e-01
-1.352694144976357427e-01
-1.383228366006691024e-01
-1.371184639870387245e-01
-1.360761611781643177e-01
-1.334468348429272422e-01
-1.278670311045407293e-01
-1.204132172595299283e-01
-1.157352972127373286e-01
-1.156102351837176995e-01
-1.110586957796344670e-01
-1.178291893966073312e-01
-1.319794294568560067e-01
-1.412862555334676307e-01
-1.587600514485658643e-01
-1.839601849956621349e-01
-1.856406307978433756e-01
-1.967768859324106057e-01
-2.014628065686054070e-01
-2.005741290981469804e-01
-2.031325779585345381e-01
-6.212140534344357673e-02
-6.186940345944492992e-02
-6.396565416459698561e-02
-6.250426424157519423e-02
-6.304178420558625984e-02
-6.279106050150552731e-02
-5.981893761933989445e-02
-5.455902322922025205e-02
-5.231970033096926959e-02
-4.938359551511092155e-02
-4.678548110937280624e-02
-4.513276200733540994e-02
-4.618773435095537699e-02
-4.900859569160169460e-02
-5.651697235954347004e-02
-4.152880427738931401e-01
-4.054159925664688746e-01
-3.931059368233292828e-01
-4.017809422954849996e-01
-3.931356570029730935e-01
-3.944607124250186225e-01
-3.914511987117372804e-01
-3.917479191288451013e-01
-3.911774444448399835e-01
-3.778144610042807328e-01
-4.150819693327358895e-01
-4.341412923489162412e-01
-4.903664618720429136e-01
-5.322307059396835793e-01
-5.820403354837518917e-01
-6.197731037509877083e-01
-6.498768442990834338e-01
-6.510549617360221752e-01
-6.663077216452902851e-01
-6.892721008773479152e-01
-6.831348689113467820e-01
-7.191500137433674000e-01
-6.903160933369474339e-01
-6.875988497784836229e-01
-6.922166493203586457e-01
-6.747167432891753025e-01
-1.304070127784819344e-01
-1.269554957573447440e-01
-1.281960467411770443e-01
-1.325616807835500455e-01
-1.244825491200052536e-01
-1.232676071409300883e-01
-1.138771197259910023e-01
-1.086403174231623109e-01
-1.048961637930465318e-01
-9.753216310477895445e-02
-9.921159695223609465e-02
-1.016100777681561845e-01
-1.085662928446454456e-01
-1.184021419846034290e-01
-1.328399391822498998e-01
-1.403008908134481814e-01
-1.551826692777625583e-01
-1.607800050991485818e-01
-5.920221841426028669e-02
-5.655383800823983453e-02
-5.562183172509393286e-02
-5.578373850680113516e-02
-5.468904382572034595e-02
-5.172345348206320442e-02
-5.125864663122536163e-02
-4.821429704641709557e-02
-4.565207910708930089e-02
-4.252024379413753968e-02
-3.600815239625730357e-01
-3.669065474162943041e-01
-3.553569684640384696e-01
-3.731220902103473125e-01
-3.591681146166433303e-01
-3.543867204779449498e-01
-3.562148844534557268e-01
-3.622242069189153812e-01
-3.601763900616153369e-01
-3.660088948723264068e-01
-4.001068538246642659e-01
-4.119571929489649342e-01
-4.515617558646373708e-01
-5.061591867194135119e-01
-5.429311353671038010e-01
-5.791874687028388813e-01
-5.762092469489515922e-01
-5.852582385795190856e-01
-5.920178095286425801e-01
-6.165822505570399681e-01
-6.207506359657253281e-01
-6.243418651777363770e-01
-6.242351249028317284e-01
-1.214602113740299860e-01
-1.176311408770054634e-01
-1.175301467622770490e-01
-1.142496871652491364e-01
-1.152155587373671353e-01
-1.072917948326290866e-01
-1.043955957189316164e-01
-9.725298554618798386e-02
-9.382953063175854258e-02
-9.251723835603403723e-02
-9.661496128159978436e-02
-9.699527225493016769e-02
-1.051738161412665989e-01
-1.174952527260550439e-01
-5.342931929217076270e-02
-5.244933241884253833e-02
-5.136494216999374501e-02
-5.231379545925496366e-02
-4.864944089596744820e-02
-3.436948766196810667e-01
-3.424499435265855873e-01
-3.536400234944703791e-01
-3.443940867643944803e-01
-3.368656369532440076e-01
-3.398916765799870898e-01
-3.205050841321223087e-01
-3.217558130811212225e-01
-3.398154162995484784e-01
-3.487990382074575568e-01
-3.710614407562277117e-01
-3.984016386007429578e-01
-4.350792117920299629e-01
-4.573747508186342126e-01
-4.947200984105731836e-01
-5.034572132911866449e-01
-5.243309962489774989e-01
-5.182794206728361663e-01
-5.617445663845470616e-01
-5.522089820939393157e-01
-1.094714319070927561e-01
-1.086314962024226283e-01
-1.075122138086110068e-01
-1.081832490398953739e-01
-1.030367505527789995e-01
-9.906623563767570639e-02
-9.116876216583273684e-02
-9.043238486815166621e-02
-8.487339637286958616e-02
-8.868873002977203934e-02
-3.350942770716510144e-01
-3.287120624642776434e-01
-3.361165001820369258e-01
-3.253886653933192874e-01
-3.148902815235705144e-01
-3.088994264292225234e-01
-3.001288001843718245e-01
-2.981066062124742566e-01
-3.261036616695667245e-01
-3.321820858312936608e-01
-3.673309282861169645e-01
-3.810291481516054901e-01
-4.235043211062636814e-01
-4.341635245272615906e-01
-4.432199864266586076e-01
-4.636325983429048225e-01
-4.843879198387092133e-01
-1.006769265978523231e-01
-1.024947889162898390e-01
-9.813897681494292147e-02
-9.861954598684546935e-02
-9.074843138662641584e-02
-8.665915839862417536e-02
-3.250731231503150021e-01
-3.058757206355258162e-01
-2.978483236088842467e-01
-3.096772741229794623e-01
-2.916105411204008568e-01
-2.875623319279336787e-01
-2.825412830910643547e-01
-2.867240829059048424e-01
-3.074554237408991808e-01
-3.381502230893982386e-01
-3.464416373574096264e-01
-3.779611302284878183e-01
-3.892009729824666975e-01
-4.079328523697319242e-01
-9.840360970959519116e-02
-9.311117119853040691e-02
-3.065873831483847956e-01
-2.959488300331761801e-01
-2.866567587961128538e-01
-2.702427345498379929e-01
-2.674025273009947301e-01
-2.712284563838232576e-01
-2.745279464612613296e-01
-2.883867494616958460e-01
-3.073452048228005329e-01
-3.231186182502484017e-01
-3.422075577096305166e-01
-2.690577193165416547e-01
-2.694748370404305704e-01
-2.569881192508833845e-01
-2.573853241939021430e-01
-2.549549391231999418e-01
-2.508767199271613180e-01
-2.738920032781249625e-01
-2.767715771641222067e-01
-2.601196602804495828e-01
-2.534241368543402317e-01
-2.479527500340509283e-01
-2.396808233927883447e-01
-2.389490990657092140e-01
-2.443976878187957835e-01
-2.269678630580955203e-01
