1963
1	1	2	3	4	-2.8651
2	1	2	4	5	-0.64083
3	1	2	5	6	-0.33872
4	1	2	6	7	-0.26187
5	1	2	7	8	-0.078091
6	1	2	8	9	-0.025322
7	1	2	9	10	-0.041045
8	1	2	10	11	-0.037614
9	1	2	11	12	-0.058863
10	1	2	12	13	-0.014723
11	1	2	13	14	-0.064408
12	1	2	14	15	-0.048644
13	1	2	15	16	-0.047817
14	1	2	16	17	-0.02017
15	1	2	17	18	-0.02562
16	1	2	18	19	-0.0087232
17	1	2	19	20	-0.014749
18	1	2	20	21	-0.028723
19	1	2	21	22	-0.045765
20	1	2	22	23	-0.017242
21	2	3	4	5	-1.892
22	2	3	5	6	-0.74985
23	2	3	6	7	-0.49797
24	2	3	7	8	-0.13853
25	2	3	8	9	-0.049569
26	2	3	9	10	-0.067945
27	2	3	10	11	-0.059738
28	2	3	11	12	-0.083522
29	2	3	12	13	-0.020365
30	2	3	13	14	-0.087287
31	2	3	14	15	-0.065097
32	2	3	15	16	-0.062431
33	2	3	16	17	-0.025928
34	2	3	17	18	-0.032756
35	2	3	18	19	-0.011059
36	2	3	19	20	-0.018485
37	2	3	20	21	-0.036248
38	2	3	21	22	-0.057468
39	2	3	22	23	-0.021831
40	2	3	23	24	-0.013298
41	3	4	5	6	-1.1919
42	3	4	6	7	-0.47536
43	3	4	7	8	-0.11715
44	3	4	8	9	-0.037569
45	3	4	9	10	-0.047247
46	3	4	10	11	-0.039932
47	3	4	11	12	-0.049372
48	3	4	12	13	-0.011494
49	3	4	13	14	-0.047493
50	3	4	14	15	-0.034419
51	3	4	15	16	-0.031692
52	3	4	16	17	-0.012731
53	3	4	17	18	-0.015852
54	3	4	18	19	-0.0052804
55	3	4	19	20	-0.0086004
56	3	4	20	21	-0.016972
57	3	4	21	22	-0.026491
58	3	4	22	23	-0.010095
59	3	4	23	24	-0.0062203
60	3	4	24	25	-0.0073466
61	4	5	6	7	-1.4916
62	4	5	7	8	-0.30213
63	4	5	8	9	-0.074138
64	4	5	9	10	-0.09199
65	4	5	10	11	-0.075199
66	4	5	11	12	-0.090765
67	4	5	12	13	-0.020555
68	4	5	13	14	-0.083509
69	4	5	14	15	-0.059177
70	4	5	15	16	-0.053805
71	4	5	16	17	-0.021517
72	4	5	17	18	-0.026264
73	4	5	18	19	-0.0086209
74	4	5	19	20	-0.013886
75	4	5	20	21	-0.026842
76	4	5	21	22	-0.041864
77	4	5	22	23	-0.015728
78	4	5	23	24	-0.0095204
79	4	5	24	25	-0.0115
80	4	5	25	26	-0.0087647
81	5	6	7	8	-1.1686
82	5	6	8	9	-0.2953
83	5	6	9	10	-0.24704
84	5	6	10	11	-0.17032
85	5	6	11	12	-0.15902
86	5	6	12	13	-0.034731
87	5	6	13	14	-0.13694
88	5	6	14	15	-0.095644
89	5	6	15	16	-0.082749
90	5	6	16	17	-0.032465
91	5	6	17	18	-0.039499
92	5	6	18	19	-0.012998
93	5	6	19	20	-0.020503
94	5	6	20	21	-0.040907
95	5	6	21	22	-0.063366
96	5	6	22	23	-0.024371
97	5	6	23	24	-0.0149
98	5	6	24	25	-0.017141
99	5	6	25	26	-0.013105
100	5	6	26	27	-0.0063368
101	6	7	8	9	-1.6546
102	6	7	9	10	-0.88139
103	6	7	10	11	-0.49383
104	6	7	11	12	-0.39132
105	6	7	12	13	-0.081347
106	6	7	13	14	-0.31375
107	6	7	14	15	-0.21248
108	6	7	15	16	-0.17841
109	6	7	16	17	-0.068986
110	6	7	17	18	-0.082533
111	6	7	18	19	-0.027165
112	6	7	19	20	-0.042018
113	6	7	20	21	-0.082613
114	6	7	21	22	-0.12727
115	6	7	22	23	-0.048508
116	6	7	23	24	-0.029587
117	6	7	24	25	-0.034116
118	6	7	25	26	-0.025947
119	6	7	26	27	-0.012508
120	6	7	27	28	-0.0033193
121	7	8	9	10	-1.0772
122	7	8	10	11	-0.33944
123	7	8	11	12	-0.17655
124	7	8	12	13	-0.039121
125	7	8	13	14	-0.15731
126	7	8	14	15	-0.10868
127	7	8	15	16	-0.084229
128	7	8	16	17	-0.032739
129	7	8	17	18	-0.039396
130	7	8	18	19	-0.013056
131	7	8	19	20	-0.020016
132	7	8	20	21	-0.042072
133	7	8	21	22	-0.064642
134	7	8	22	23	-0.025463
135	7	8	23	24	-0.015752
136	7	8	24	25	-0.017141
137	7	8	25	26	-0.012975
138	7	8	26	27	-0.0062114
139	7	8	27	28	-0.0016845
140	7	8	28	29	-0.0012901
141	8	9	10	11	-1.3191
142	8	9	11	12	-0.66408
143	8	9	12	13	-0.10935
144	8	9	13	14	-0.36643
145	8	9	14	15	-0.21262
146	8	9	15	16	-0.16893
147	8	9	16	17	-0.060718
148	8	9	17	18	-0.068617
149	8	9	18	19	-0.020873
150	8	9	19	20	-0.031337
151	8	9	20	21	-0.054097
152	8	9	21	22	-0.081446
153	8	9	22	23	-0.028799
154	8	9	23	24	-0.01691
155	8	9	24	25	-0.021294
156	8	9	25	26	-0.016146
157	8	9	26	27	-0.0076748
158	8	9	27	28	-0.0018932
159	8	9	28	29	-0.0013456
160	8	9	29	30	-0.00099872
161	9	10	11	12	-2.2255
162	9	10	12	13	-0.29381
163	9	10	13	14	-0.8831
164	9	10	14	15	-0.47304
165	9	10	15	16	-0.34892
166	9	10	16	17	-0.12124
167	9	10	17	18	-0.13443
168	9	10	18	19	-0.040531
169	9	10	19	20	-0.059201
170	9	10	20	21	-0.10432
171	9	10	21	22	-0.15572
172	9	10	22	23	-0.056263
173	9	10	23	24	-0.033481
174	9	10	24	25	-0.040207
175	9	10	25	26	-0.030418
176	9	10	26	27	-0.014475
177	9	10	27	28	-0.0035895
178	9	10	28	29	-0.0025901
179	9	10	29	30	-0.0018862
180	9	10	30	31	-0.0024181
181	10	11	12	13	-0.49931
182	10	11	13	14	-1.1235
183	10	11	14	15	-0.52728
184	10	11	15	16	-0.41596
185	10	11	16	17	-0.14014
186	10	11	17	18	-0.1542
187	10	11	18	19	-0.044474
188	10	11	19	20	-0.065133
189	10	11	20	21	-0.10713
190	10	11	21	22	-0.15849
191	10	11	22	23	-0.055053
192	10	11	23	24	-0.032306
193	10	11	24	25	-0.040904
194	10	11	25	26	-0.030945
195	10	11	26	27	-0.014738
196	10	11	27	28	-0.0036341
197	10	11	28	29	-0.002555
198	10	11	29	30	-0.0018782
199	10	11	30	31	-0.0023693
200	10	11	31	32	-0.0019307
201	11	12	13	14	-7.362
202	11	12	14	15	-1.9986
203	11	12	15	16	-1.2241
204	11	12	16	17	-0.37229
205	11	12	17	18	-0.38152
206	11	12	18	19	-0.1074
207	11	12	19	20	-0.1458
208	11	12	20	21	-0.2478
209	11	12	21	22	-0.35972
210	11	12	22	23	-0.12954
211	11	12	23	24	-0.077259
212	11	12	24	25	-0.089929
213	11	12	25	26	-0.067739
214	11	12	26	27	-0.032043
215	11	12	27	28	-0.0078364
216	11	12	28	29	-0.0056642
217	11	12	29	30	-0.0040129
218	11	12	30	31	-0.0053221
219	11	12	31	32	-0.0042376
220	11	12	32	33	-0.0067414
221	12	13	14	15	-1.2584
222	12	13	15	16	-0.65344
223	12	13	16	17	-0.17607
224	12	13	17	18	-0.16862
225	12	13	18	19	-0.04368
226	12	13	19	20	-0.055965
227	12	13	20	21	-0.088036
228	12	13	21	22	-0.1241
229	12	13	22	23	-0.043301
230	12	13	23	24	-0.025547
231	12	13	24	25	-0.03015
232	12	13	25	26	-0.022635
233	12	13	26	27	-0.010656
234	12	13	27	28	-0.0025344
235	12	13	28	29	-0.0018077
236	12	13	29	30	-0.0012677
237	12	13	30	31	-0.0016642
238	12	13	31	32	-0.0013071
239	12	13	32	33	-0.0021093
240	12	13	33	34	-0.00095878
241	13	14	15	16	-6.108
242	13	14	16	17	-1.3235
243	13	14	17	18	-1.1386
244	13	14	18	19	-0.28973
245	13	14	19	20	-0.34052
246	13	14	20	21	-0.52124
247	13	14	21	22	-0.71404
248	13	14	22	23	-0.24962
249	13	14	23	24	-0.14721
250	13	14	24	25	-0.16745
251	13	14	25	26	-0.12529
252	13	14	26	27	-0.058566
253	13	14	27	28	-0.013663
254	13	14	28	29	-0.0096674
255	13	14	29	30	-0.0067742
256	13	14	30	31	-0.008909
257	13	14	31	32	-0.0070254
258	13	14	32	33	-0.011046
259	13	14	33	34	-0.0051035
260	13	14	34	35	-0.012837
261	14	15	16	17	-2.8644
262	14	15	17	18	-2.0137
263	14	15	18	19	-0.43821
264	14	15	19	20	-0.47301
265	14	15	20	21	-0.62273
266	14	15	21	22	-0.80479
267	14	15	22	23	-0.26354
268	14	15	23	24	-0.15218
269	14	15	24	25	-0.17966
270	14	15	25	26	-0.13386
271	14	15	26	27	-0.062207
272	14	15	27	28	-0.013952
273	14	15	28	29	-0.0095807
274	14	15	29	30	-0.00667
275	14	15	30	31	-0.0085276
276	14	15	31	32	-0.0067229
277	14	15	32	33	-0.010596
278	14	15	33	34	-0.0048118
279	14	15	34	35	-0.012262
280	14	15	35	36	-0.0049872
281	15	16	17	18	-9.2343
282	15	16	18	19	-1.3352
283	15	16	19	20	-1.0859
284	15	16	20	21	-1.121
285	15	16	21	22	-1.2821
286	15	16	22	23	-0.40202
287	15	16	23	24	-0.22878
288	15	16	24	25	-0.25713
289	15	16	25	26	-0.18983
290	15	16	26	27	-0.08707
291	15	16	27	28	-0.018639
292	15	16	28	29	-0.012622
293	15	16	29	30	-0.0086297
294	15	16	30	31	-0.011037
295	15	16	31	32	-0.0085898
296	15	16	32	33	-0.013355
297	15	16	33	34	-0.0060913
298	15	16	34	35	-0.015244
299	15	16	35	36	-0.0061963
300	15	16	36	37	-0.010911
301	16	17	18	19	-3.044
302	16	17	19	20	-1.6406
303	16	17	20	21	-1.098
304	16	17	21	22	-1.011
305	16	17	22	23	-0.3007
306	16	17	23	24	-0.16674
307	16	17	24	25	-0.16866
308	16	17	25	26	-0.12287
309	16	17	26	27	-0.055047
310	16	17	27	28	-0.011229
311	16	17	28	29	-0.0074602
312	16	17	29	30	-0.0049188
313	16	17	30	31	-0.0063701
314	16	17	31	32	-0.0047943
315	16	17	32	33	-0.0074966
316	16	17	33	34	-0.0033886
317	16	17	34	35	-0.0083234
318	16	17	35	36	-0.0033554
319	16	17	36	37	-0.0058122
321	17	18	19	20	-12.167
322	17	18	20	21	-2.9233
323	17	18	21	22	-2.1372
324	17	18	22	23	-0.54688
325	17	18	23	24	-0.29299
326	17	18	24	25	-0.3099
327	17	18	25	26	-0.22387
328	17	18	26	27	-0.099687
329	17	18	27	28	-0.019153
330	17	18	28	29	-0.01215
331	17	18	29	30	-0.0080943
332	17	18	30	31	-0.010033
333	17	18	31	32	-0.0076775
334	17	18	32	33	-0.011676
335	17	18	33	34	-0.0052935
336	17	18	34	35	-0.013007
337	17	18	35	36	-0.005219
338	17	18	36	37	-0.0090781
339	17	18	37	38	-0.0051097
341	18	19	20	21	-2.4624
342	18	19	21	22	-1.344
343	18	19	22	23	-0.32113
344	18	19	23	24	-0.16576
345	18	19	24	25	-0.1553
346	18	19	25	26	-0.11086
347	18	19	26	27	-0.048119
348	18	19	27	28	-0.0088187
349	18	19	28	29	-0.0055247
350	18	19	29	30	-0.003575
351	18	19	30	31	-0.0044604
352	18	19	31	32	-0.0033372
353	18	19	32	33	-0.0050368
354	18	19	33	34	-0.0022887
355	18	19	34	35	-0.005513
356	18	19	35	36	-0.0022015
357	18	19	36	37	-0.0037583
358	18	19	37	38	-0.001995
359	18	19	38	39	-0.0011044
360	18	19	39	40	-0.0037549
361	19	20	21	22	-5.315
362	19	20	22	23	-0.95901
363	19	20	23	24	-0.46413
364	19	20	24	25	-0.41176
365	19	20	25	26	-0.28761
366	19	20	26	27	-0.12214
367	19	20	27	28	-0.021058
368	19	20	28	29	-0.012631
369	19	20	29	30	-0.0079969
370	19	20	30	31	-0.0098241
371	19	20	31	32	-0.0073261
372	19	20	32	33	-0.010722
373	19	20	33	34	-0.0048994
374	19	20	34	35	-0.011561
375	19	20	35	36	-0.0046002
376	19	20	36	37	-0.0077994
377	19	20	37	38	-0.0040839
378	19	20	38	39	-0.0021782
379	19	20	39	40	-0.0075781
380	19	20	40	41	-0.010806
381	20	21	22	23	-3.0636
382	20	21	23	24	-1.3407
383	20	21	24	25	-1.2313
384	20	21	25	26	-0.84096
385	20	21	26	27	-0.35344
386	20	21	27	28	-0.056725
387	20	21	28	29	-0.032032
388	20	21	29	30	-0.01995
389	20	21	30	31	-0.023259
390	20	21	31	32	-0.017149
391	20	21	32	33	-0.025493
392	20	21	33	34	-0.011211
393	20	21	34	35	-0.027265
394	20	21	35	36	-0.010734
395	20	21	36	37	-0.018309
396	20	21	37	38	-0.0095311
397	20	21	38	39	-0.0051307
398	20	21	39	40	-0.017843
399	20	21	40	41	-0.024152
400	20	21	41	42	-0.020572
401	21	22	23	24	-8.3205
402	21	22	24	25	-3.6916
403	21	22	25	26	-2.4924
404	21	22	26	27	-0.96385
405	21	22	27	28	-0.13537
406	21	22	28	29	-0.071926
407	21	22	29	30	-0.042521
408	21	22	30	31	-0.050795
409	21	22	31	32	-0.036047
410	21	22	32	33	-0.051934
411	21	22	33	34	-0.023323
412	21	22	34	35	-0.053687
413	21	22	35	36	-0.020993
414	21	22	36	37	-0.034859
415	21	22	37	38	-0.017991
416	21	22	38	39	-0.009533
417	21	22	39	40	-0.032526
418	21	22	40	41	-0.046308
419	21	22	41	42	-0.03828
420	21	22	42	43	-0.022643
421	22	23	24	25	-6.1032
422	22	23	25	26	-3.3093
423	22	23	26	27	-1.1872
424	22	23	27	28	-0.1292
425	22	23	28	29	-0.055062
426	22	23	29	30	-0.030435
427	22	23	30	31	-0.030966
428	22	23	31	32	-0.021618
429	22	23	32	33	-0.030883
430	22	23	33	34	-0.012842
431	22	23	34	35	-0.031152
432	22	23	35	36	-0.011889
433	22	23	36	37	-0.019987
434	22	23	37	38	-0.0099734
435	22	23	38	39	-0.0052179
436	22	23	39	40	-0.018142
437	22	23	40	41	-0.022946
438	22	23	41	42	-0.01983
439	22	23	42	43	-0.01188
440	22	23	43	44	-0.011933
441	23	24	25	26	-6.4736
442	23	24	26	27	-2.0898
443	23	24	27	28	-0.17724
444	23	24	28	29	-0.060282
445	23	24	29	30	-0.031326
446	23	24	30	31	-0.026803
447	23	24	31	32	-0.018744
448	23	24	32	33	-0.026886
449	23	24	33	34	-0.010175
450	23	24	34	35	-0.026911
451	23	24	35	36	-0.010078
452	23	24	36	37	-0.017218
453	23	24	37	38	-0.0083845
454	23	24	38	39	-0.0043745
455	23	24	39	40	-0.015462
456	23	24	40	41	-0.016865
457	23	24	41	42	-0.015593
458	23	24	42	43	-0.0094017
459	23	24	43	44	-0.0089984
460	23	24	44	45	-0.0165
461	24	25	26	27	-10.533
462	24	25	27	28	-0.57433
463	24	25	28	29	-0.1312
464	24	25	29	30	-0.058204
465	24	25	30	31	-0.052451
466	24	25	31	32	-0.03418
467	24	25	32	33	-0.046152
468	24	25	33	34	-0.018592
469	24	25	34	35	-0.04348
470	24	25	35	36	-0.016141
471	24	25	36	37	-0.026199
472	24	25	37	38	-0.012588
473	24	25	38	39	-0.0063874
474	24	25	39	40	-0.021591
475	24	25	40	41	-0.027252
476	24	25	41	42	-0.023141
477	24	25	42	43	-0.013631
478	24	25	43	44	-0.013744
479	24	25	44	45	-0.025664
480	24	25	45	46	-0.0090956
481	25	26	27	28	-2.544
482	25	26	28	29	-0.28943
483	25	26	29	30	-0.091305
484	25	26	30	31	-0.074586
485	25	26	31	32	-0.044491
486	25	26	32	33	-0.056561
487	25	26	33	34	-0.022517
488	25	26	34	35	-0.050002
489	25	26	35	36	-0.018194
490	25	26	36	37	-0.02873
491	25	26	37	38	-0.013515
492	25	26	38	39	-0.0067664
493	25	26	39	40	-0.02224
494	25	26	40	41	-0.028353
495	25	26	41	42	-0.02367
496	25	26	42	43	-0.013803
497	25	26	43	44	-0.013948
498	25	26	44	45	-0.025996
499	25	26	45	46	-0.0091586
500	25	26	46	47	-0.0068443
501	26	27	28	29	-1.3393
502	26	27	29	30	-0.14399
503	26	27	30	31	-0.088364
504	26	27	31	32	-0.048039
505	26	27	32	33	-0.057435
506	26	27	33	34	-0.021217
507	26	27	34	35	-0.047616
508	26	27	35	36	-0.016772
509	26	27	36	37	-0.026157
510	26	27	37	38	-0.011806
511	26	27	38	39	-0.0057031
512	26	27	39	40	-0.018834
513	26	27	40	41	-0.021966
514	26	27	41	42	-0.018788
515	26	27	42	43	-0.010945
516	26	27	43	44	-0.010675
517	26	27	44	45	-0.019592
518	26	27	45	46	-0.0068158
519	26	27	46	47	-0.0051068
520	26	27	47	48	-0.0022167
521	27	28	29	30	-0.5182
522	27	28	30	31	-0.202
523	27	28	31	32	-0.08184
524	27	28	32	33	-0.081852
525	27	28	33	34	-0.029388
526	27	28	34	35	-0.056794
527	27	28	35	36	-0.019027
528	27	28	36	37	-0.02763
529	27	28	37	38	-0.011861
530	27	28	38	39	-0.0053754
531	27	28	39	40	-0.016828
532	27	28	40	41	-0.020736
533	27	28	41	42	-0.016652
534	27	28	42	43	-0.009472
535	27	28	43	44	-0.0093276
536	27	28	44	45	-0.017172
537	27	28	45	46	-0.0058756
538	27	28	46	47	-0.0043561
539	27	28	47	48	-0.0018877
540	28	29	30	31	-0.54931
541	28	29	31	32	-0.14863
542	28	29	32	33	-0.12394
543	28	29	33	34	-0.040782
544	28	29	34	35	-0.075681
545	28	29	35	36	-0.024389
546	28	29	36	37	-0.034729
547	28	29	37	38	-0.014312
548	28	29	38	39	-0.0063331
549	28	29	39	40	-0.019667
550	28	29	40	41	-0.022504
551	28	29	41	42	-0.018294
552	28	29	42	43	-0.010442
553	28	29	43	44	-0.0098793
554	28	29	44	45	-0.018032
555	28	29	45	46	-0.0060916
556	28	29	46	47	-0.0045328
557	28	29	47	48	-0.0020019
558	29	30	31	32	-0.32448
559	29	30	32	33	-0.185
560	29	30	33	34	-0.056439
561	29	30	34	35	-0.089782
562	29	30	35	36	-0.027517
563	29	30	36	37	-0.03723
564	29	30	37	38	-0.014866
565	29	30	38	39	-0.0063761
566	29	30	39	40	-0.018735
567	29	30	40	41	-0.022717
568	29	30	41	42	-0.017593
569	29	30	42	43	-0.0097334
570	29	30	43	44	-0.0095297
571	29	30	44	45	-0.01732
572	29	30	45	46	-0.005835
573	29	30	46	47	-0.0042669
574	29	30	47	48	-0.0017746
575	30	31	32	33	-0.73984
576	30	31	33	34	-0.15758
577	30	31	34	35	-0.21871
578	30	31	35	36	-0.061156
579	30	31	36	37	-0.079892
580	30	31	37	38	-0.030021
581	30	31	38	39	-0.012452
582	30	31	39	40	-0.03634
583	30	31	40	41	-0.037606
584	30	31	41	42	-0.030482
585	30	31	42	43	-0.017137
586	30	31	43	44	-0.015528
587	30	31	44	45	-0.027581
588	30	31	45	46	-0.0091136
589	30	31	46	47	-0.0067037
590	30	31	47	48	-0.0028916
591	31	32	33	34	-0.31576
592	31	32	34	35	-0.32534
593	31	32	35	36	-0.079767
594	31	32	36	37	-0.096867
595	31	32	37	38	-0.034172
596	31	32	38	39	-0.013659
597	31	32	39	40	-0.038024
598	31	32	40	41	-0.038853
599	31	32	41	42	-0.03074
600	31	32	42	43	-0.016804
601	31	32	43	44	-0.015329
602	31	32	44	45	-0.027103
603	31	32	45	46	-0.0088826
604	31	32	46	47	-0.0064714
605	31	32	47	48	-0.0027101
606	32	33	34	35	-1.8808
607	32	33	35	36	-0.27482
608	32	33	36	37	-0.26911
609	32	33	37	38	-0.084532
610	32	33	38	39	-0.031006
611	32	33	39	40	-0.081317
612	32	33	40	41	-0.081311
613	32	33	41	42	-0.062094
614	32	33	42	43	-0.033427
615	32	33	43	44	-0.030192
616	32	33	44	45	-0.05305
617	32	33	45	46	-0.017181
618	32	33	46	47	-0.012459
619	32	33	47	48	-0.0052785
620	33	34	35	36	-0.52782
621	33	34	36	37	-0.3277
622	33	34	37	38	-0.080141
623	33	34	38	39	-0.026113
624	33	34	39	40	-0.06325
625	33	34	40	41	-0.048832
626	33	34	41	42	-0.039765
627	33	34	42	43	-0.0215
628	33	34	43	44	-0.017618
629	33	34	44	45	-0.029825
630	33	34	45	46	-0.0094137
631	33	34	46	47	-0.0068813
632	33	34	47	48	-0.002977
633	34	35	36	37	-2.3891
634	34	35	37	38	-0.39408
635	34	35	38	39	-0.11202
636	34	35	39	40	-0.2387
637	34	35	40	41	-0.18229
638	34	35	41	42	-0.1371
639	34	35	42	43	-0.071289
640	34	35	43	44	-0.05911
641	34	35	44	45	-0.099916
642	34	35	45	46	-0.031229
643	34	35	46	47	-0.022432
644	34	35	47	48	-0.0094859
645	35	36	37	38	-0.46587
646	35	36	38	39	-0.10211
647	35	36	39	40	-0.18074
648	35	36	40	41	-0.10838
649	35	36	41	42	-0.081463
650	35	36	42	43	-0.041504
651	35	36	43	44	-0.032173
652	35	36	44	45	-0.052692
653	35	36	45	46	-0.016075
654	35	36	46	47	-0.011515
655	35	36	47	48	-0.0048747
656	36	37	38	39	-0.65264
657	36	37	39	40	-0.75535
658	36	37	40	41	-0.38568
659	36	37	41	42	-0.24704
660	36	37	42	43	-0.11577
661	36	37	43	44	-0.088539
662	36	37	44	45	-0.14309
663	36	37	45	46	-0.042224
664	36	37	46	47	-0.029392
665	36	37	47	48	-0.01207
666	37	38	39	40	-2.1275
667	37	38	40	41	-0.57332
668	37	38	41	42	-0.29293
669	37	38	42	43	-0.12081
670	37	38	43	44	-0.083563
671	37	38	44	45	-0.12854
672	37	38	45	46	-0.035753
673	37	38	46	47	-0.024053
674	37	38	47	48	-0.009655
675	38	39	40	41	-0.83501
676	38	39	41	42	-0.32287
677	38	39	42	43	-0.11584
678	38	39	43	44	-0.074533
679	38	39	44	45	-0.11088
680	38	39	45	46	-0.029388
681	38	39	46	47	-0.019023
682	38	39	47	48	-0.0073281
683	39	40	41	42	-2.2899
684	39	40	42	43	-0.6617
685	39	40	43	44	-0.41998
686	39	40	44	45	-0.6141
687	39	40	45	46	-0.15394
688	39	40	46	47	-0.094971
689	39	40	47	48	-0.034278
690	40	41	42	43	-1.9087
691	40	41	43	44	-0.74839
692	40	41	44	45	-0.92243
693	40	41	45	46	-0.21704
694	40	41	46	47	-0.13423
695	40	41	47	48	-0.051244
696	41	42	43	44	-2.1239
697	41	42	44	45	-2.1908
698	41	42	45	46	-0.41156
699	41	42	46	47	-0.21912
700	41	42	47	48	-0.072313
701	42	43	44	45	-4.2381
702	42	43	45	46	-0.55559
703	42	43	46	47	-0.24784
704	42	43	47	48	-0.072651
705	43	44	45	46	-1.1781
706	43	44	46	47	-0.4194
707	43	44	47	48	-0.10898
708	44	45	46	47	-1.9019
709	44	45	47	48	-0.34655
710	45	46	47	48	-0.61619
1	1	3	4	6	-3.6257
2	1	3	6	8	-0.97781
3	1	3	8	10	-0.18391
4	1	3	10	12	-0.23984
5	1	3	12	14	-0.18695
6	1	3	14	16	-0.22429
7	1	3	16	18	-0.10457
8	1	3	18	20	-0.05306
9	1	3	20	22	-0.16831
10	1	3	22	24	-0.062895
11	1	3	5	7	-1.8496
12	1	3	7	9	-0.29184
13	1	3	9	11	-0.20615
14	1	3	11	13	-0.17769
15	1	3	13	15	-0.26573
16	1	3	15	17	-0.15659
17	1	3	17	19	-0.07821
18	1	3	19	21	-0.098225
19	1	3	21	23	-0.14244
20	1	3	23	25	-0.05311
21	2	4	5	7	-2.9167
22	2	4	7	9	-0.34325
23	2	4	9	11	-0.21467
24	2	4	11	13	-0.165
25	2	4	13	15	-0.23456
26	2	4	15	17	-0.13305
27	2	4	17	19	-0.06501
28	2	4	19	21	-0.08035
29	2	4	21	23	-0.11604
30	2	4	23	25	-0.043155
31	2	4	6	8	-1.2308
32	2	4	8	10	-0.20236
33	2	4	10	12	-0.23267
34	2	4	12	14	-0.16677
35	2	4	14	16	-0.19388
36	2	4	16	18	-0.08747
37	2	4	18	20	-0.0435
38	2	4	20	22	-0.13728
39	2	4	22	24	-0.051455
40	2	4	24	26	-0.041805
41	3	5	6	8	-2.3909
42	3	5	8	10	-0.25108
43	3	5	10	12	-0.25542
44	3	5	12	14	-0.16327
45	3	5	14	16	-0.17936
46	3	5	16	18	-0.076505
47	3	5	18	20	-0.036455
48	3	5	20	22	-0.11228
49	3	5	22	24	-0.041605
50	3	5	24	26	-0.03333
51	3	5	7	9	-0.53177
52	3	5	9	11	-0.25422
53	3	5	11	13	-0.17246
54	3	5	13	15	-0.2249
55	3	5	15	17	-0.11996
56	3	5	17	19	-0.056095
57	3	5	19	21	-0.066295
58	3	5	21	23	-0.094285
59	3	5	23	25	-0.034635
60	3	5	25	27	-0.02148
61	4	6	7	9	-1.8413
62	4	6	9	11	-0.58385
63	4	6	11	13	-0.30536
64	4	6	13	15	-0.37563
65	4	6	15	17	-0.19072
66	4	6	17	19	-0.087475
67	4	6	19	21	-0.10216
68	4	6	21	23	-0.14538
69	4	6	23	25	-0.05312
70	4	6	25	27	-0.032515
71	4	6	8	10	-0.70836
72	4	6	10	12	-0.49523
73	4	6	12	14	-0.27588
74	4	6	14	16	-0.29163
75	4	6	16	18	-0.11981
76	4	6	18	20	-0.056115
77	4	6	20	22	-0.17299
78	4	6	22	24	-0.064505
79	4	6	24	26	-0.05056
80	4	6	26	28	-0.013525
81	5	7	8	10	-3.0784
82	5	7	10	12	-1.2148
83	5	7	12	14	-0.56714
84	5	7	14	16	-0.56983
85	5	7	16	18	-0.22379
86	5	7	18	20	-0.10279
87	5	7	20	22	-0.31425
88	5	7	22	24	-0.11734
89	5	7	24	26	-0.090405
90	5	7	26	28	-0.023945
91	5	7	9	11	-1.7908
92	5	7	11	13	-0.66715
93	5	7	13	15	-0.75939
94	5	7	15	17	-0.36304
95	5	7	17	19	-0.16236
96	5	7	19	21	-0.18603
97	5	7	21	23	-0.26368
98	5	7	23	25	-0.095785
99	5	7	25	27	-0.05798
100	5	7	27	29	-0.00889
101	6	8	9	11	-2.7891
102	6	8	11	13	-0.68921
103	6	8	13	15	-0.79288
104	6	8	15	17	-0.3648
105	6	8	17	19	-0.16229
106	6	8	19	21	-0.18675
107	6	8	21	23	-0.2661
108	6	8	23	25	-0.096635
109	6	8	25	27	-0.057745
110	6	8	27	29	-0.008835
111	6	8	10	12	-1.4013
112	6	8	12	14	-0.59185
113	6	8	14	16	-0.58441
114	6	8	16	18	-0.22394
115	6	8	18	20	-0.10234
116	6	8	20	22	-0.31683
117	6	8	22	24	-0.11933
118	6	8	24	26	-0.090235
119	6	8	26	28	-0.02376
120	6	8	28	30	-0.00655
121	7	9	10	12	-2.5005
122	7	9	12	14	-0.67296
123	7	9	14	16	-0.57528
124	7	9	16	18	-0.20183
125	7	9	18	20	-0.085425
126	7	9	20	22	-0.24255
127	7	9	22	24	-0.086995
128	7	9	24	26	-0.067645
129	7	9	26	28	-0.0175
130	7	9	28	30	-0.00457
131	7	9	11	13	-0.9909
132	7	9	13	15	-0.84623
133	7	9	15	17	-0.3472
134	7	9	17	19	-0.14217
135	7	9	19	21	-0.14762
136	7	9	21	23	-0.20072
137	7	9	23	25	-0.07115
138	7	9	25	27	-0.043065
139	7	9	27	29	-0.00624
140	7	9	29	31	-0.00445
141	8	10	11	13	-3.2929
142	8	10	13	15	-1.935
143	8	10	15	17	-0.69975
144	8	10	17	19	-0.26443
145	8	10	19	21	-0.24865
146	8	10	21	23	-0.32227
147	8	10	23	25	-0.11179
148	8	10	25	27	-0.068675
149	8	10	27	29	-0.00943
150	8	10	29	31	-0.006575
151	8	10	12	14	-1.6518
152	8	10	14	16	-1.2032
153	8	10	16	18	-0.38512
154	8	10	18	20	-0.15191
155	8	10	20	22	-0.39548
156	8	10	22	24	-0.13535
157	8	10	24	26	-0.10802
158	8	10	26	28	-0.027615
159	8	10	28	30	-0.00683
160	8	10	30	32	-0.00669
161	9	11	12	14	-2.7958
162	9	11	14	16	-1.7636
163	9	11	16	18	-0.54957
164	9	11	18	20	-0.20913
165	9	11	20	22	-0.52495
166	9	11	22	24	-0.1768
167	9	11	24	26	-0.14229
168	9	11	26	28	-0.03638
169	9	11	28	30	-0.008895
170	9	11	30	32	-0.008735
171	9	11	13	15	-3.0035
172	9	11	15	17	-1.0255
173	9	11	17	19	-0.37324
174	9	11	19	21	-0.33518
175	9	11	21	23	-0.42516
176	9	11	23	25	-0.14668
177	9	11	25	27	-0.09046
178	9	11	27	29	-0.01233
179	9	11	29	31	-0.00857
180	9	11	31	33	-0.01026
181	10	12	13	15	-11.015
182	10	12	15	17	-2.1539
183	10	12	17	19	-0.68777
184	10	12	19	21	-0.56573
185	10	12	21	23	-0.70319
186	10	12	23	25	-0.24039
187	10	12	25	27	-0.14553
188	10	12	27	29	-0.0197
189	10	12	29	31	-0.013595
190	10	12	31	33	-0.016075
191	10	12	14	16	-4.166
192	10	12	16	18	-1.0487
193	10	12	18	20	-0.36291
194	10	12	20	22	-0.87314
195	10	12	22	24	-0.29412
196	10	12	24	26	-0.22959
197	10	12	26	28	-0.05826
198	10	12	28	30	-0.01413
199	10	12	30	32	-0.01387
200	10	12	32	34	-0.014415
201	11	13	14	16	-5.1356
202	11	13	16	18	-1.0998
203	11	13	18	20	-0.35317
204	11	13	20	22	-0.82023
205	11	13	22	24	-0.27575
206	11	13	24	26	-0.21064
207	11	13	26	28	-0.053125
208	11	13	28	30	-0.012765
209	11	13	30	32	-0.01256
210	11	13	32	34	-0.01294
211	11	13	15	17	-2.4272
212	11	13	17	19	-0.70191
213	11	13	19	21	-0.53764
214	11	13	21	23	-0.65744
215	11	13	23	25	-0.22301
216	11	13	25	27	-0.13326
217	11	13	27	29	-0.017855
218	11	13	29	31	-0.01227
219	11	13	31	33	-0.014415
220	11	13	33	35	-0.014475
221	12	14	15	17	-8.2708
222	12	14	17	19	-1.6424
223	12	14	19	21	-1.0062
224	12	14	21	23	-1.1325
225	12	14	23	25	-0.37067
226	12	14	25	27	-0.21746
227	12	14	27	29	-0.027695
228	12	14	29	31	-0.018645
229	12	14	31	33	-0.02152
230	12	14	33	35	-0.02139
231	12	14	16	18	-2.8093
232	12	14	18	20	-0.73082
233	12	14	20	22	-1.4486
234	12	14	22	24	-0.46602
235	12	14	24	26	-0.34587
236	12	14	26	28	-0.085555
237	12	14	28	30	-0.01954
238	12	14	30	32	-0.018925
239	12	14	32	34	-0.019235
240	12	14	34	36	-0.021605
241	13	15	16	18	-7.3487
242	13	15	18	20	-1.5434
243	13	15	20	22	-2.6653
244	13	15	22	24	-0.81324
245	13	15	24	26	-0.60721
246	13	15	26	28	-0.14868
247	13	15	28	30	-0.032735
248	13	15	30	32	-0.031235
249	13	15	32	34	-0.03159
250	13	15	34	36	-0.03542
251	13	15	17	19	-3.8848
252	13	15	19	21	-1.9588
253	13	15	21	23	-2.0354
254	13	15	23	25	-0.64723
255	13	15	25	27	-0.38053
256	13	15	27	29	-0.0469
257	13	15	29	31	-0.0309
258	13	15	31	33	-0.035415
259	13	15	33	35	-0.035065
260	13	15	35	37	-0.028625
261	14	16	17	19	-13.037
262	14	16	19	21	-3.3056
263	14	16	21	23	-2.7568
264	14	16	23	25	-0.81879
265	14	16	25	27	-0.47379
266	14	16	27	29	-0.05487
267	14	16	29	31	-0.03491
268	14	16	31	33	-0.039335
269	14	16	33	35	-0.03844
270	14	16	35	37	-0.031065
271	14	16	18	20	-3.335
272	14	16	20	22	-3.834
273	14	16	22	24	-1.0473
274	14	16	24	26	-0.76139
275	14	16	26	28	-0.1822
276	14	16	28	30	-0.037545
277	14	16	30	32	-0.034905
278	14	16	32	34	-0.034865
279	14	16	34	36	-0.038735
280	14	16	36	38	-0.03067
281	15	17	18	20	-7.1176
282	15	17	20	22	-4.5174
283	15	17	22	24	-1.0995
284	15	17	24	26	-0.73995
285	15	17	26	28	-0.17239
286	15	17	28	30	-0.033725
287	15	17	30	32	-0.03084
288	15	17	32	34	-0.030365
289	15	17	34	36	-0.033125
290	15	17	36	38	-0.025555
291	15	17	19	21	-4.9509
292	15	17	21	23	-3.0017
293	15	17	23	25	-0.82247
294	15	17	25	27	-0.45576
295	15	17	27	29	-0.050075
296	15	17	29	31	-0.031015
297	15	17	31	33	-0.03427
298	15	17	33	35	-0.033075
299	15	17	35	37	-0.026315
300	15	17	37	39	-0.01411
301	16	18	19	21	-17.862
302	16	18	21	23	-4.0032
303	16	18	23	25	-0.93947
304	16	18	25	27	-0.50255
305	16	18	27	29	-0.050135
306	16	18	29	31	-0.029485
307	16	18	31	33	-0.031685
308	16	18	33	35	-0.03007
309	16	18	35	37	-0.02346
310	16	18	37	39	-0.012535
311	16	18	20	22	-7.1715
312	16	18	22	24	-1.3087
313	16	18	24	26	-0.82651
314	16	18	26	28	-0.1855
315	16	18	28	30	-0.032725
316	16	18	30	32	-0.02894
317	16	18	32	34	-0.027885
318	16	18	34	36	-0.029915
319	16	18	36	38	-0.022885
320	16	18	38	40	-0.019785
321	17	19	20	22	-8.8658
322	17	19	22	24	-1.3279
323	17	19	24	26	-0.80105
324	17	19	26	28	-0.17614
325	17	19	28	30	-0.029405
326	17	19	30	32	-0.02558
327	17	19	32	34	-0.024335
328	17	19	34	36	-0.025945
329	17	19	36	38	-0.01997
330	17	19	38	40	-0.016615
331	17	19	21	23	-4.3537
332	17	19	23	25	-0.9247
333	17	19	25	27	-0.48333
334	17	19	27	29	-0.04581
335	17	19	29	31	-0.02623
336	17	19	31	33	-0.027785
337	17	19	33	35	-0.02613
338	17	19	35	37	-0.020215
339	17	19	37	39	-0.010645
340	17	19	39	41	-0.03141
341	18	20	21	23	-7.9554
342	18	20	23	25	-1.1986
343	18	20	25	27	-0.56988
344	18	20	27	29	-0.048155
345	18	20	29	31	-0.02591
346	18	20	31	33	-0.026475
347	18	20	33	35	-0.0243
348	18	20	35	37	-0.018375
349	18	20	37	39	-0.00937
350	18	20	39	41	-0.0276
351	18	20	22	24	-1.9113
352	18	20	24	26	-0.96705
353	18	20	26	28	-0.20053
354	18	20	28	30	-0.02977
355	18	20	30	32	-0.025005
356	18	20	32	34	-0.02301
357	18	20	34	36	-0.023915
358	18	20	36	38	-0.01765
359	18	20	38	40	-0.014695
360	18	20	40	42	-0.029685
361	19	21	22	24	-5.8243
362	19	21	24	26	-2.7728
363	19	21	26	28	-0.55387
364	19	21	28	30	-0.07268
365	19	21	30	32	-0.057515
366	19	21	32	34	-0.052375
367	19	21	34	36	-0.05415
368	19	21	36	38	-0.039695
369	19	21	38	40	-0.032795
370	19	21	40	42	-0.064495
371	19	21	23	25	-3.4463
372	19	21	25	27	-1.6052
373	19	21	27	29	-0.12253
374	19	21	29	31	-0.061065
375	19	21	31	33	-0.060675
376	19	21	33	35	-0.05495
377	19	21	35	37	-0.04142
378	19	21	37	39	-0.02093
379	19	21	39	41	-0.06042
380	19	21	41	43	-0.0472
381	20	22	23	25	-14.593
382	20	22	25	27	-4.6565
383	20	22	27	29	-0.2963
384	20	22	29	31	-0.13661
385	20	22	31	33	-0.13073
386	20	22	33	35	-0.11558
387	20	22	35	37	-0.084975
388	20	22	37	39	-0.042235
389	20	22	39	41	-0.12094
390	20	22	41	43	-0.09374
391	20	22	24	26	-8.2596
392	20	22	26	28	-1.5115
393	20	22	28	30	-0.16666
394	20	22	30	32	-0.12729
395	20	22	32	34	-0.11205
396	20	22	34	36	-0.11276
397	20	22	36	38	-0.08076
398	20	22	38	40	-0.06513
399	20	22	40	42	-0.12926
400	20	22	42	44	-0.071735
401	21	23	24	26	-15.623
402	21	23	26	28	-2.4211
403	21	23	28	30	-0.20016
404	21	23	30	32	-0.13959
405	21	23	32	34	-0.11913
406	21	23	34	36	-0.11789
407	21	23	36	38	-0.082945
408	21	23	38	40	-0.065495
409	21	23	40	42	-0.12738
410	21	23	42	44	-0.070495
411	21	23	25	27	-7.9588
412	21	23	27	29	-0.39197
413	21	23	29	31	-0.15489
414	21	23	31	33	-0.14066
415	21	23	33	35	-0.12114
416	21	23	35	37	-0.087875
417	21	23	37	39	-0.04275
418	21	23	39	41	-0.12005
419	21	23	41	43	-0.092615
420	21	23	43	45	-0.10418
421	22	24	25	27	-13.07
422	22	24	27	29	-0.42193
423	22	24	29	31	-0.11958
424	22	24	31	33	-0.098225
425	22	24	33	35	-0.08112
426	22	24	35	37	-0.05924
427	22	24	37	39	-0.02797
428	22	24	39	41	-0.073435
429	22	24	41	43	-0.056645
430	22	24	43	45	-0.05999
431	22	24	26	28	-3.5855
432	22	24	28	30	-0.17722
433	22	24	30	32	-0.09821
434	22	24	32	34	-0.080825
435	22	24	34	36	-0.080075
436	22	24	36	38	-0.05564
437	22	24	38	40	-0.04323
438	22	24	40	42	-0.075175
439	22	24	42	44	-0.042225
440	22	24	44	46	-0.05285
441	23	25	26	28	-13.382
442	23	25	28	30	-0.28123
443	23	25	30	32	-0.13219
444	23	25	32	34	-0.10188
445	23	25	34	36	-0.09664
446	23	25	36	38	-0.064465
447	23	25	38	40	-0.04785
448	23	25	40	42	-0.082805
449	23	25	42	44	-0.045795
450	23	25	44	46	-0.05719
451	23	25	27	29	-0.9426
452	23	25	29	31	-0.16884
453	23	25	31	33	-0.12604
454	23	25	33	35	-0.09922
455	23	25	35	37	-0.06969
456	23	25	37	39	-0.031775
457	23	25	39	41	-0.0812
458	23	25	41	43	-0.06172
459	23	25	43	45	-0.065015
460	23	25	45	47	-0.026205
461	24	26	27	29	-3.5403
462	24	26	29	31	-0.2767
463	24	26	31	33	-0.18146
464	24	26	33	35	-0.13469
465	24	26	35	37	-0.089335
466	24	26	37	39	-0.039295
467	24	26	39	41	-0.099505
468	24	26	41	43	-0.074195
469	24	26	43	45	-0.079505
470	24	26	45	47	-0.031955
471	24	26	28	30	-0.57054
472	24	26	30	32	-0.20574
473	24	26	32	34	-0.14391
474	24	26	34	36	-0.1279
475	24	26	36	38	-0.08112
476	24	26	38	40	-0.057025
477	24	26	40	42	-0.10239
478	24	26	42	44	-0.05516
479	24	26	44	46	-0.070065
480	24	26	46	48	-0.0196
481	25	27	28	30	-1.8688
482	25	27	30	32	-0.25563
483	25	27	32	34	-0.15787
484	25	27	34	36	-0.13271
485	25	27	36	38	-0.080345
486	25	27	38	40	-0.053605
487	25	27	40	42	-0.09275
488	25	27	42	44	-0.049415
489	25	27	44	46	-0.061705
490	25	27	46	48	-0.01712
491	25	27	29	31	-0.39844
492	25	27	31	33	-0.20666
493	25	27	33	35	-0.14151
494	25	27	35	37	-0.08998
495	25	27	37	39	-0.03785
496	25	27	39	41	-0.09151
497	25	27	41	43	-0.067195
498	25	27	43	45	-0.070365
499	25	27	45	47	-0.027945
500	26	28	29	31	-0.95248
501	26	28	31	33	-0.2692
502	26	28	33	35	-0.15512
503	26	28	35	37	-0.089685
504	26	28	37	39	-0.03483
505	26	28	39	41	-0.078465
506	26	28	41	43	-0.05583
507	26	28	43	45	-0.05686
508	26	28	45	47	-0.022155
509	26	28	30	32	-0.42018
510	26	28	32	34	-0.18993
511	26	28	34	36	-0.1403
512	26	28	36	38	-0.077535
513	26	28	38	40	-0.046845
514	26	28	40	42	-0.078155
515	26	28	42	44	-0.040445
516	26	28	44	46	-0.049555
517	26	28	46	48	-0.013525
518	27	29	30	32	-0.98202
519	27	29	32	34	-0.27599
520	27	29	34	36	-0.17599
521	27	29	36	38	-0.088625
522	27	29	38	40	-0.04828
523	27	29	40	42	-0.078185
524	27	29	42	44	-0.039155
525	27	29	44	46	-0.04726
526	27	29	46	48	-0.01264
527	27	29	31	33	-0.43622
528	27	29	33	35	-0.20272
529	27	29	35	37	-0.10587
530	27	29	37	39	-0.037945
531	27	29	39	41	-0.07977
532	27	29	41	43	-0.05487
533	27	29	43	45	-0.0545
534	27	29	45	47	-0.020855
535	28	30	31	33	-0.78203
536	28	30	33	35	-0.26277
537	28	30	35	37	-0.12396
538	28	30	37	39	-0.04197
539	28	30	39	41	-0.08368
540	28	30	41	43	-0.056095
541	28	30	43	45	-0.054865
542	28	30	45	47	-0.02072
543	28	30	32	34	-0.406
544	28	30	34	36	-0.21745
545	28	30	36	38	-0.10124
546	28	30	38	40	-0.05121
547	28	30	40	42	-0.08111
548	28	30	42	44	-0.03965
549	28	30	44	46	-0.04738
550	28	30	46	48	-0.01251
551	29	31	32	34	-1.139
552	29	31	34	36	-0.39732
553	29	31	36	38	-0.16211
554	29	31	38	40	-0.074005
555	29	31	40	42	-0.1084
556	29	31	42	44	-0.051945
557	29	31	44	46	-0.059955
558	29	31	46	48	-0.01561
559	29	31	33	35	-0.52262
560	29	31	35	37	-0.20583
561	29	31	37	39	-0.06379
562	29	31	39	41	-0.11551
563	29	31	41	43	-0.074885
564	29	31	43	45	-0.070115
565	29	31	45	47	-0.025915
566	30	32	33	35	-1.0175
567	30	32	35	37	-0.31774
568	30	32	37	39	-0.090405
569	30	32	39	41	-0.1509
570	30	32	41	43	-0.09507
571	30	32	43	45	-0.0857
572	30	32	45	47	-0.03116
573	30	32	34	36	-0.68491
574	30	32	36	38	-0.24094
575	30	32	38	40	-0.10056
576	30	32	40	42	-0.13766
577	30	32	42	44	-0.06484
578	30	32	44	46	-0.07278
579	30	32	46	48	-0.0188
580	31	33	34	36	-2.5618
581	31	33	36	38	-0.48501
582	31	33	38	40	-0.1641
583	31	33	40	42	-0.21292
584	31	33	42	44	-0.09586
585	31	33	44	46	-0.10637
586	31	33	46	48	-0.02691
587	31	33	35	37	-0.72071
588	31	33	37	39	-0.16351
589	31	33	39	41	-0.23963
590	31	33	41	43	-0.14299
591	31	33	43	45	-0.12589
592	31	33	45	47	-0.045035
593	32	34	35	37	-1.3999
594	32	34	37	39	-0.22195
595	32	34	39	41	-0.27487
596	32	34	41	43	-0.15668
597	32	34	43	45	-0.13092
598	32	34	45	47	-0.045965
599	32	34	36	38	-0.7618
600	32	34	38	40	-0.20182
601	32	34	40	42	-0.23186
602	32	34	42	44	-0.10283
603	32	34	44	46	-0.10965
604	32	34	46	48	-0.02756
605	33	35	36	38	-3.1919
606	33	35	38	40	-0.4405
607	33	35	40	42	-0.40775
608	33	35	42	44	-0.16963
609	33	35	44	46	-0.17061
610	33	35	46	48	-0.041765
611	33	35	37	39	-0.61254
612	33	35	39	41	-0.53337
613	33	35	41	43	-0.26947
614	33	35	43	45	-0.20683
615	33	35	45	47	-0.069925
616	34	36	37	39	-1.0747
617	34	36	39	41	-0.71068
618	34	36	41	43	-0.33105
619	34	36	43	45	-0.24428
620	34	36	45	47	-0.0812
621	34	36	38	40	-0.63406
622	34	36	40	42	-0.50897
623	34	36	42	44	-0.20413
624	34	36	44	46	-0.20017
625	34	36	46	48	-0.048305
626	35	37	38	40	-1.6918
627	35	37	40	42	-0.82246
628	35	37	42	44	-0.27807
629	35	37	44	46	-0.25449
630	35	37	46	48	-0.05792
631	35	37	39	41	-1.4311
632	35	37	41	43	-0.48535
633	35	37	43	45	-0.31701
634	35	37	45	47	-0.0992
635	36	38	39	41	-3.8451
636	36	38	41	43	-0.77588
637	36	38	43	45	-0.44434
638	36	38	45	47	-0.1314
639	36	38	40	42	-1.4984
640	36	38	42	44	-0.40873
641	36	38	44	46	-0.35011
642	36	38	46	48	-0.07517
643	37	39	40	42	-2.0223
644	37	39	42	44	-0.39455
645	37	39	44	46	-0.30479
646	37	39	46	48	-0.060005
647	37	39	41	43	-0.85142
648	37	39	43	45	-0.39788
649	37	39	45	47	-0.10816
650	38	40	41	43	-3.3854
651	38	40	43	45	-1.221
652	38	40	45	47	-0.29711
653	38	40	42	44	-1.2718
654	38	40	44	46	-0.90939
655	38	40	46	48	-0.15539
656	39	41	42	44	-3.7371
657	39	41	44	46	-1.9088
658	39	41	46	48	-0.31428
659	39	41	43	45	-2.7067
660	39	41	45	47	-0.59957
661	40	42	43	45	-5.9865
662	40	42	45	47	-0.98053
663	40	42	44	46	-3.7425
664	40	42	46	48	-0.47606
665	41	43	44	46	-7.3996
666	41	43	46	48	-0.61056
667	41	43	45	47	-1.4319
668	42	44	45	47	-2.4007
669	42	44	46	48	-0.84808
670	43	45	46	48	-2.7738
1	1	4	5	8	-3.8539
2	1	4	8	11	-0.40602
3	1	4	11	14	-0.43838
4	1	4	14	17	-0.34973
5	1	4	17	20	-0.14128
6	1	4	20	23	-0.26117
7	1	4	6	9	-1.686
8	1	4	9	12	-0.48544
9	1	4	12	15	-0.39456
10	1	4	7	10	-0.60317
11	1	4	10	13	-0.37601
12	1	4	13	16	-0.49022
13	1	4	16	19	-0.15853
14	1	4	19	22	-0.25397
15	1	4	22	25	-0.11599
16	1	4	15	18	-0.27557
17	1	4	18	21	-0.14896
18	1	4	21	24	-0.20923
19	2	5	6	9	-3.1931
20	2	5	9	12	-0.60602
21	2	5	12	15	-0.43024
22	2	5	15	18	-0.28355
23	2	5	18	21	-0.14612
24	2	5	21	24	-0.20291
25	2	5	7	10	-0.92776
26	2	5	10	13	-0.45137
27	2	5	13	16	-0.52589
28	2	5	8	11	-0.54346
29	2	5	11	14	-0.49527
30	2	5	14	17	-0.36764
31	2	5	17	20	-0.14107
32	2	5	20	23	-0.25388
33	2	5	23	26	-0.091221
34	2	5	16	19	-0.16036
35	2	5	19	22	-0.24724
36	2	5	22	25	-0.11192
37	3	6	7	10	-2.3831
38	3	6	10	13	-0.65176
39	3	6	13	16	-0.6264
40	3	6	16	19	-0.17558
41	3	6	19	22	-0.25964
42	3	6	22	25	-0.11692
43	3	6	8	11	-1.0787
44	3	6	11	14	-0.63475
45	3	6	14	17	-0.42487
46	3	6	9	12	-0.97065
47	3	6	12	15	-0.52459
48	3	6	15	18	-0.31711
49	3	6	18	21	-0.15471
50	3	6	21	24	-0.21283
51	3	6	24	27	-0.077036
52	3	6	17	20	-0.15177
53	3	6	20	23	-0.26674
54	3	6	23	26	-0.094245
55	4	7	8	11	-3.9844
56	4	7	11	14	-1.3142
57	4	7	14	17	-0.8067
58	4	7	17	20	-0.2739
59	4	7	20	23	-0.47179
60	4	7	23	26	-0.1648
61	4	7	9	12	-2.601
62	4	7	12	15	-1.04
63	4	7	15	18	-0.58739
64	4	7	10	13	-1.5179
65	4	7	13	16	-1.2183
66	4	7	16	19	-0.32062
67	4	7	19	22	-0.45974
68	4	7	22	25	-0.20555
69	4	7	25	28	-0.077281
70	4	7	18	21	-0.27558
71	4	7	21	24	-0.3755
72	4	7	24	27	-0.13388
73	5	8	9	12	-3.9346
74	5	8	12	15	-1.1817
75	5	8	15	18	-0.64206
76	5	8	18	21	-0.30147
77	5	8	21	24	-0.41433
78	5	8	24	27	-0.14572
79	5	8	10	13	-1.8871
80	5	8	13	16	-1.3721
81	5	8	16	19	-0.3495
82	5	8	11	14	-1.4921
83	5	8	14	17	-0.89798
84	5	8	17	20	-0.29764
85	5	8	20	23	-0.51953
86	5	8	23	26	-0.18088
87	5	8	26	29	-0.036991
88	5	8	19	22	-0.50398
89	5	8	22	25	-0.22707
90	5	8	25	28	-0.083961
91	6	9	10	13	-3.6176
92	6	9	13	16	-1.8064
93	6	9	16	19	-0.41504
94	6	9	19	22	-0.54639
95	6	9	22	25	-0.2378
96	6	9	25	28	-0.088567
97	6	9	11	14	-2.3045
98	6	9	14	17	-1.1303
99	6	9	17	20	-0.3457
100	6	9	12	15	-1.6036
101	6	9	15	18	-0.78622
102	6	9	18	21	-0.33347
103	6	9	21	24	-0.43912
104	6	9	24	27	-0.15433
105	6	9	27	30	-0.015809
106	6	9	20	23	-0.55549
107	6	9	23	26	-0.1901
108	6	9	26	29	-0.038546
109	7	10	11	14	-4.9164
110	7	10	14	17	-1.6117
111	7	10	17	20	-0.42762
112	7	10	20	23	-0.6126
113	7	10	23	26	-0.20425
114	7	10	26	29	-0.040804
115	7	10	12	15	-2.6435
116	7	10	15	18	-1.0595
117	7	10	18	21	-0.38539
118	7	10	13	16	-2.8028
119	7	10	16	19	-0.53195
120	7	10	19	22	-0.61294
121	7	10	22	25	-0.25519
122	7	10	25	28	-0.095144
123	7	10	28	31	-0.014012
124	7	10	21	24	-0.47856
125	7	10	24	27	-0.16657
126	7	10	27	30	-0.016204
127	8	11	12	15	-4.4856
128	8	11	15	18	-1.613
129	8	11	18	21	-0.52639
130	8	11	21	24	-0.61827
131	8	11	24	27	-0.21667
132	8	11	27	30	-0.020402
133	8	11	13	16	-4.5215
134	8	11	16	19	-0.7857
135	8	11	19	22	-0.81693
136	8	11	14	17	-2.4677
137	8	11	17	20	-0.61874
138	8	11	20	23	-0.80063
139	8	11	23	26	-0.26239
140	8	11	26	29	-0.052518
141	8	11	29	32	-0.015748
142	8	11	22	25	-0.32483
143	8	11	25	28	-0.12347
144	8	11	28	31	-0.017328
145	9	12	13	16	-14.373
146	9	12	16	19	-1.498
147	9	12	19	22	-1.4042
148	9	12	22	25	-0.55488
149	9	12	25	28	-0.20543
150	9	12	28	31	-0.028738
151	9	12	14	17	-5.6297
152	9	12	17	20	-1.1339
153	9	12	20	23	-1.3755
154	9	12	15	18	-3.2936
155	9	12	18	21	-0.92124
156	9	12	21	24	-1.0583
157	9	12	24	27	-0.36146
158	9	12	27	30	-0.033663
159	9	12	30	33	-0.031368
160	9	12	23	26	-0.44304
161	9	12	26	29	-0.087168
162	9	12	29	32	-0.02608
163	10	13	14	17	-6.7708
164	10	13	17	20	-1.1679
165	10	13	20	23	-1.3138
166	10	13	23	26	-0.41771
167	10	13	26	29	-0.08153
168	10	13	29	32	-0.024047
169	10	13	15	18	-3.6921
170	10	13	18	21	-0.90578
171	10	13	21	24	-1.0072
172	10	13	16	19	-1.5898
173	10	13	19	22	-1.3532
174	10	13	22	25	-0.5241
175	10	13	25	28	-0.19297
176	10	13	28	31	-0.026579
177	10	13	31	34	-0.024987
178	10	13	24	27	-0.34
179	10	13	27	30	-0.031219
180	10	13	30	33	-0.028875
181	11	14	15	18	-11.572
182	11	14	18	21	-1.842
183	11	14	21	24	-1.8748
184	11	14	24	27	-0.60594
185	11	14	27	30	-0.053283
186	11	14	30	33	-0.048439
187	11	14	16	19	-4.0111
188	11	14	19	22	-2.603
189	11	14	22	25	-0.96208
190	11	14	17	20	-2.6754
191	11	14	20	23	-2.4806
192	11	14	23	26	-0.75433
193	11	14	26	29	-0.14274
194	11	14	29	32	-0.040603
195	11	14	32	35	-0.052359
196	11	14	25	28	-0.34161
197	11	14	28	31	-0.045167
198	11	14	31	34	-0.04169
199	12	15	16	19	-8.4742
200	12	15	19	22	-3.7516
201	12	15	22	25	-1.2608
202	12	15	25	28	-0.44447
203	12	15	28	31	-0.054943
204	12	15	31	34	-0.049777
205	12	15	17	20	-4.9735
206	12	15	20	23	-3.4398
207	12	15	23	26	-0.98671
208	12	15	18	21	-2.8752
209	12	15	21	24	-2.5301
210	12	15	24	27	-0.79219
211	12	15	27	30	-0.065995
212	12	15	30	33	-0.058011
213	12	15	33	36	-0.0498
214	12	15	26	29	-0.18305
215	12	15	29	32	-0.048957
216	12	15	32	35	-0.062275
217	13	16	17	20	-16.374
218	13	16	20	23	-5.9894
219	13	16	23	26	-1.5842
220	13	16	26	29	-0.2867
221	13	16	29	32	-0.073019
222	13	16	32	35	-0.091495
223	13	16	18	21	-6.2373
224	13	16	21	24	-4.2578
225	13	16	24	27	-1.2651
226	13	16	19	22	-6.9754
227	13	16	22	25	-2.0512
228	13	16	25	28	-0.70474
229	13	16	28	31	-0.082571
230	13	16	31	34	-0.073458
231	13	16	34	37	-0.086179
232	13	16	27	30	-0.10035
233	13	16	30	33	-0.085935
234	13	16	33	36	-0.072927
235	14	17	18	21	-10.884
236	14	17	21	24	-4.6257
237	14	17	24	27	-1.2605
238	14	17	27	30	-0.093856
239	14	17	30	33	-0.077672
240	14	17	33	36	-0.064809
241	14	17	19	22	-9.1633
242	14	17	22	25	-2.1246
243	14	17	25	28	-0.69702
244	14	17	20	23	-6.9148
245	14	17	23	26	-1.6036
246	14	17	26	29	-0.27868
247	14	17	29	32	-0.066437
248	14	17	32	35	-0.081722
249	14	17	35	38	-0.053995
250	14	17	28	31	-0.075989
251	14	17	31	34	-0.065995
252	14	17	34	37	-0.076203
253	15	18	19	22	-24.538
254	15	18	22	25	-2.679
255	15	18	25	28	-0.83013
256	15	18	28	31	-0.081538
257	15	18	31	34	-0.068507
258	15	18	34	37	-0.077199
259	15	18	20	23	-10.842
260	15	18	23	26	-1.9654
261	15	18	26	29	-0.32406
262	15	18	21	24	-6.3812
263	15	18	24	27	-1.518
264	15	18	27	30	-0.10325
265	15	18	30	33	-0.08118
266	15	18	33	36	-0.066263
267	15	18	36	39	-0.047448
268	15	18	29	32	-0.070297
269	15	18	32	35	-0.083994
270	15	18	35	38	-0.054507
271	16	19	20	23	-12.151
272	16	19	23	26	-1.7201
273	16	19	26	29	-0.26808
274	16	19	29	32	-0.053436
275	16	19	32	35	-0.062172
276	16	19	35	38	-0.039436
277	16	19	21	24	-6.3024
278	16	19	24	27	-1.2981
279	16	19	27	30	-0.081189
280	16	19	22	25	-2.431
281	16	19	25	28	-0.70149
282	16	19	28	31	-0.062824
283	16	19	31	34	-0.051117
284	16	19	34	37	-0.056344
285	16	19	37	40	-0.034678
286	16	19	30	33	-0.060987
287	16	19	33	36	-0.048705
288	16	19	36	39	-0.034254
289	17	20	21	24	-11.58
290	17	20	24	27	-1.7745
291	17	20	27	30	-0.099335
292	17	20	30	33	-0.070266
293	17	20	33	36	-0.054705
294	17	20	36	39	-0.037551
295	17	20	22	25	-3.634
296	17	20	25	28	-0.94394
297	17	20	28	31	-0.074473
298	17	20	23	26	-2.4261
299	17	20	26	29	-0.35039
300	17	20	29	32	-0.062455
301	17	20	32	35	-0.070186
302	17	20	35	38	-0.043899
303	17	20	38	41	-0.055601
304	17	20	31	34	-0.058333
305	17	20	34	37	-0.062825
306	17	20	37	40	-0.037712
307	18	21	22	25	-8.1153
308	18	21	25	28	-1.8529
309	18	21	28	31	-0.1194
310	18	21	31	34	-0.087507
311	18	21	34	37	-0.091809
312	18	21	37	40	-0.053305
313	18	21	23	26	-5.0105
314	18	21	26	29	-0.66134
315	18	21	29	32	-0.096924
316	18	21	24	27	-3.563
317	18	21	27	30	-0.16846
318	18	21	30	33	-0.10674
319	18	21	33	36	-0.080337
320	18	21	36	39	-0.05393
321	18	21	39	42	-0.10365
322	18	21	32	35	-0.10412
323	18	21	35	38	-0.063075
324	18	21	38	41	-0.078069
325	19	22	23	26	-19.12
326	19	22	26	29	-1.7741
327	19	22	29	32	-0.21507
328	19	22	32	35	-0.22043
329	19	22	35	38	-0.12909
330	19	22	38	41	-0.15634
331	19	22	24	27	-10.417
332	19	22	27	30	-0.40081
333	19	22	30	33	-0.23274
334	19	22	25	28	-5.2821
335	19	22	28	31	-0.27143
336	19	22	31	34	-0.18829
337	19	22	34	37	-0.1901
338	19	22	37	40	-0.10666
339	19	22	40	43	-0.18952
340	19	22	33	36	-0.16849
341	19	22	36	39	-0.10954
342	19	22	39	42	-0.20717
343	20	23	24	27	-20.206
344	20	23	27	30	-0.57396
345	20	23	30	33	-0.28836
346	20	23	33	36	-0.20333
347	20	23	36	39	-0.13066
348	20	23	39	42	-0.24067
349	20	23	25	28	-9.488
350	20	23	28	31	-0.35745
351	20	23	31	34	-0.23063
352	20	23	26	29	-2.9897
353	20	23	29	32	-0.27298
354	20	23	32	35	-0.26807
355	20	23	35	38	-0.15447
356	20	23	38	41	-0.18207
357	20	23	41	44	-0.1742
358	20	23	34	37	-0.22913
359	20	23	37	40	-0.12605
360	20	23	40	43	-0.21876
361	21	24	25	28	-16.986
362	21	24	28	31	-0.40076
363	21	24	31	34	-0.23271
364	21	24	34	37	-0.22715
365	21	24	37	40	-0.12184
366	21	24	40	43	-0.20374
367	21	24	26	29	-4.8784
368	21	24	29	32	-0.28957
369	21	24	32	35	-0.26811
370	21	24	27	30	-0.73383
371	21	24	30	33	-0.2951
372	21	24	33	36	-0.20132
373	21	24	36	39	-0.12774
374	21	24	39	42	-0.22609
375	21	24	42	45	-0.17378
376	21	24	35	38	-0.1516
377	21	24	38	41	-0.17153
378	21	24	41	44	-0.16248
379	22	25	26	29	-14.955
380	22	25	29	32	-0.30492
381	22	25	32	35	-0.24728
382	22	25	35	38	-0.13265
383	22	25	38	41	-0.13835
384	22	25	41	44	-0.12814
385	22	25	27	30	-1.2478
386	22	25	30	33	-0.2889
387	22	25	33	36	-0.1814
388	22	25	28	31	-0.47705
389	22	25	31	34	-0.22021
390	22	25	34	37	-0.20327
391	22	25	37	40	-0.10227
392	22	25	40	43	-0.16045
393	22	25	43	46	-0.12256
394	22	25	36	39	-0.11044
395	22	25	39	42	-0.18079
396	22	25	42	45	-0.13438
397	23	26	27	30	-3.9602
398	23	26	30	33	-0.38121
399	23	26	33	36	-0.21634
400	23	26	36	39	-0.12429
401	23	26	39	42	-0.19423
402	23	26	42	45	-0.142
403	23	26	28	31	-0.81676
404	23	26	31	34	-0.27845
405	23	26	34	37	-0.23714
406	23	26	29	32	-0.43224
407	23	26	32	35	-0.30161
408	23	26	35	38	-0.15129
409	23	26	38	41	-0.14947
410	23	26	41	44	-0.13598
411	23	26	44	47	-0.11063
412	23	26	37	40	-0.11148
413	23	26	40	43	-0.17164
414	23	26	43	46	-0.12927
415	24	27	28	31	-2.2768
416	24	27	31	34	-0.34951
417	24	27	34	37	-0.2737
418	24	27	37	40	-0.11968
419	24	27	40	43	-0.18157
420	24	27	43	46	-0.13517
421	24	27	29	32	-0.63622
422	24	27	32	35	-0.3639
423	24	27	35	38	-0.17035
424	24	27	30	33	-0.50258
425	24	27	33	36	-0.25493
426	24	27	36	39	-0.13807
427	24	27	39	42	-0.20597
428	24	27	42	45	-0.14836
429	24	27	45	48	-0.051996
430	24	27	38	41	-0.15929
431	24	27	41	44	-0.14236
432	24	27	44	47	-0.11536
433	25	28	29	32	-1.2931
434	25	28	32	35	-0.42377
435	25	28	35	38	-0.17398
436	25	28	38	41	-0.14708
437	25	28	41	44	-0.12734
438	25	28	44	47	-0.10117
439	25	28	30	33	-0.73545
440	25	28	33	36	-0.28177
441	25	28	36	39	-0.13771
442	25	28	31	34	-0.44337
443	25	28	34	37	-0.2913
444	25	28	37	40	-0.11318
445	25	28	40	43	-0.16444
446	25	28	43	46	-0.11898
447	25	28	39	42	-0.18821
448	25	28	42	45	-0.13121
449	25	28	45	48	-0.045237
450	26	29	30	33	-1.3817
451	26	29	33	36	-0.33198
452	26	29	36	39	-0.14417
453	26	29	39	42	-0.17439
454	26	29	42	45	-0.11581
455	26	29	45	48	-0.038904
456	26	29	31	34	-0.63327
457	26	29	34	37	-0.32912
458	26	29	37	40	-0.11105
459	26	29	32	35	-0.53492
460	26	29	35	38	-0.18697
461	26	29	38	41	-0.13824
462	26	29	41	44	-0.11457
463	26	29	44	47	-0.08779
464	26	29	40	43	-0.14979
465	26	29	43	46	-0.10384
466	27	30	31	34	-1.0722
467	27	30	34	37	-0.39308
468	27	30	37	40	-0.11462
469	27	30	40	43	-0.14816
470	27	30	43	46	-0.099343
471	27	30	32	35	-0.73997
472	27	30	35	38	-0.21175
473	27	30	38	41	-0.13944
474	27	30	41	44	-0.11099
475	27	30	33	36	-0.41998
476	27	30	36	39	-0.1589
477	27	30	39	42	-0.17388
478	27	30	42	45	-0.11117
479	27	30	45	48	-0.03668
480	27	30	44	47	-0.08367
481	28	31	32	35	-1.6881
482	28	31	35	38	-0.32444
483	28	31	38	41	-0.18302
484	28	31	41	44	-0.13868
485	28	31	44	47	-0.099664
486	28	31	33	36	-0.75244
487	28	31	36	39	-0.23643
488	28	31	39	42	-0.22404
489	28	31	42	45	-0.13539
490	28	31	34	37	-0.64946
491	28	31	37	40	-0.15943
492	28	31	40	43	-0.18647
493	28	31	43	46	-0.1193
494	28	31	45	48	-0.04325
495	29	32	33	36	-1.3325
496	29	32	36	39	-0.3258
497	29	32	39	42	-0.2712
498	29	32	42	45	-0.15629
499	29	32	45	48	-0.048686
500	29	32	34	37	-1.0168
501	29	32	37	40	-0.20491
502	29	32	40	43	-0.22151
503	29	32	43	46	-0.13655
504	29	32	35	38	-0.46158
505	29	32	38	41	-0.22518
506	29	32	41	44	-0.16287
507	29	32	44	47	-0.11344
508	30	33	34	37	-3.2886
509	30	33	37	40	-0.36194
510	30	33	40	43	-0.34821
511	30	33	43	46	-0.20444
512	30	33	35	38	-1.0111
513	30	33	38	41	-0.37086
514	30	33	41	44	-0.25158
515	30	33	44	47	-0.16875
516	30	33	36	39	-0.65186
517	30	33	39	42	-0.4368
518	30	33	42	45	-0.23645
519	30	33	45	48	-0.07176
520	31	34	35	38	-1.776
521	31	34	38	41	-0.42283
522	31	34	41	44	-0.26742
523	31	34	44	47	-0.17151
524	31	34	36	39	-0.96414
525	31	34	39	42	-0.48431
526	31	34	42	45	-0.24529
527	31	34	45	48	-0.07235
528	31	34	37	40	-0.45265
529	31	34	40	43	-0.37311
530	31	34	43	46	-0.20914
531	32	35	36	39	-3.715
532	32	35	39	42	-0.93518
533	32	35	42	45	-0.41654
534	32	35	45	48	-0.11738
535	32	35	37	40	-1.1128
536	32	35	40	43	-0.67705
537	32	35	43	46	-0.3484
538	32	35	38	41	-0.86557
539	32	35	41	44	-0.47196
540	32	35	44	47	-0.28282
541	33	36	37	40	-1.6649
542	33	36	40	43	-0.7317
543	33	36	43	46	-0.34893
544	33	36	38	41	-1.0638
545	33	36	41	44	-0.50138
546	33	36	44	47	-0.28042
547	33	36	39	42	-1.0809
548	33	36	42	45	-0.42622
549	33	36	45	48	-0.11492
550	34	37	38	41	-2.721
551	34	37	41	44	-0.8735
552	34	37	44	47	-0.44921
553	34	37	39	42	-2.3192
554	34	37	42	45	-0.70498
555	34	37	45	48	-0.17934
556	34	37	40	43	-1.3692
557	34	37	43	46	-0.56658
558	35	38	39	42	-4.7592
559	35	38	42	45	-0.80745
560	35	38	45	48	-0.18566
561	35	38	40	43	-1.9657
562	35	38	43	46	-0.62405
563	35	38	41	44	-1.1026
564	35	38	44	47	-0.48396
565	36	39	40	43	-3.0035
566	36	39	43	46	-0.73725
567	36	39	41	44	-1.4589
568	36	39	44	47	-0.56267
569	36	39	42	45	-0.98121
570	36	39	45	48	-0.20877
571	37	40	41	44	-4.3761
572	37	40	44	47	-1.2124
573	37	40	42	45	-2.332
574	37	40	45	48	-0.40835
575	37	40	43	46	-1.6538
576	38	41	42	45	-5.5795
577	38	41	45	48	-0.7412
578	38	41	43	46	-3.2968
579	38	41	44	47	-2.2984
580	39	42	43	46	-7.8131
581	39	42	44	47	-4.9652
582	39	42	45	48	-1.3877
583	40	43	44	47	-9.1456
584	40	43	45	48	-1.979
585	41	44	45	48	-3.2886
