905
1	3	4	1	2	-5.659292595
2	4	5	2	3	-5.635480706
3	5	6	3	4	-4.926390502
4	6	7	4	5	-4.29034573
5	7	8	5	6	-4.134454507
6	8	9	6	7	-3.966281514
7	9	10	7	8	-5.219165357
8	10	11	8	9	-5.929046143
9	11	12	9	10	-5.003591115
10	12	13	10	11	-4.083551882
11	13	14	11	12	-4.755004979
12	14	15	12	13	-6.547342008
13	15	16	13	14	-5.600060966
14	16	17	14	15	-5.226622876
15	17	18	15	16	-4.828009728
16	18	19	16	17	-6.744454347
17	19	20	17	18	-5.574298656
18	20	21	18	19	-4.205953715
19	21	22	19	20	-7.03693244
20	22	23	20	21	-3.616788291
21	23	24	21	22	-5.947769503
22	24	25	22	23	-4.905713468
23	25	26	23	24	-6.625180058
24	26	27	24	25	-7.141688326
25	27	28	25	26	-4.61862455
26	28	29	26	27	-5.024365521
27	29	30	27	28	-6.278736551
28	30	31	28	29	-4.072672016
29	31	32	29	30	-6.336549624
30	32	33	30	31	-4.275405838
31	33	34	31	32	-5.348608513
32	34	35	32	33	-5.534104862
33	35	36	33	34	-5.61434846
34	36	37	34	35	-6.019512953
35	37	38	35	36	-4.958233278
36	38	39	36	37	-5.810664634
37	39	40	37	38	-4.220381824
38	40	41	38	39	-6.679954554
39	41	42	39	40	-4.146518858
40	42	43	40	41	-4.864130757
41	43	44	41	42	-6.375985981
42	44	45	42	43	-3.712011591
43	45	46	43	44	-5.541847073
44	46	47	44	45	-6.072883373
45	47	48	45	46	-6.094612852
46	48	49	46	47	-6.352222117
47	49	50	47	48	-8.234003075
48	4	5	1	2	-1.099009724
49	5	6	2	3	-1.48379328
50	6	7	3	4	-1.241145141
51	7	8	4	5	-1.103790134
52	8	9	5	6	-1.313940113
53	9	10	6	7	-1.132583462
54	10	11	7	8	-1.026040761
55	11	12	8	9	-1.704730574
56	12	13	9	10	-1.565511228
57	13	14	10	11	-1.408470253
58	14	15	11	12	-1.496064678
59	15	16	12	13	-1.205095261
60	16	17	13	14	-1.573174082
61	17	18	14	15	-1.291800517
62	18	19	15	16	-1.738073421
63	19	20	16	17	-1.477076653
64	20	21	17	18	-1.664506244
65	21	22	18	19	-1.198210979
66	22	23	19	20	-0.93427496
67	23	24	20	21	-1.24047652
68	24	25	21	22	-1.550497762
69	25	26	22	23	-1.354754691
70	26	27	23	24	-1.131980241
71	27	28	24	25	-1.498983455
72	28	29	25	26	-1.358917485
73	29	30	26	27	-1.184189156
74	30	31	27	28	-1.192993679
75	31	32	28	29	-1.474648755
76	32	33	29	30	-1.744295312
77	33	34	30	31	-1.4854781
78	34	35	31	32	-1.424683568
79	35	36	32	33	-1.539923448
80	36	37	33	34	-1.757594796
81	37	38	34	35	-1.093187264
82	38	39	35	36	-1.581773169
83	39	40	36	37	-1.398408935
84	40	41	37	38	-1.293061898
85	41	42	38	39	-1.366772561
86	42	43	39	40	-1.422272776
87	43	44	40	41	-0.845213292
88	44	45	41	42	-1.854933488
89	45	46	42	43	-1.636829363
90	46	47	43	44	-1.244323376
91	47	48	44	45	-1.133521577
92	48	49	45	46	-0.800825095
93	49	50	46	47	-1.388777506
94	5	6	1	2	-0.655776767
95	6	7	2	3	-0.46187612
96	7	8	3	4	-0.772371389
97	8	9	4	5	-0.443075606
98	9	10	5	6	-0.396084912
99	10	11	6	7	-0.489021137
100	11	12	7	8	-0.552961534
101	12	13	8	9	-0.655538229
102	13	14	9	10	-0.449480459
103	14	15	10	11	-0.492860418
104	15	16	11	12	-0.244627328
105	16	17	12	13	-0.504365921
106	17	18	13	14	-0.634178148
107	18	19	14	15	-0.42169
108	19	20	15	16	-0.522516232
109	20	21	16	17	-0.688439066
110	21	22	17	18	-0.554751531
111	22	23	18	19	-0.605090051
112	23	24	19	20	-0.549214141
113	24	25	20	21	-0.53607176
114	25	26	21	22	-0.458128918
115	26	27	22	23	-0.397797538
116	27	28	23	24	-0.571620945
117	28	29	24	25	-0.561635989
118	29	30	25	26	-0.515975699
119	30	31	26	27	-0.528382758
120	31	32	27	28	-0.404803185
121	32	33	28	29	-0.470544706
122	33	34	29	30	-0.538033654
123	34	35	30	31	-0.688537369
124	35	36	31	32	-0.624288871
125	36	37	32	33	-0.72412776
126	37	38	33	34	-0.634428726
127	38	39	34	35	-0.359360307
128	39	40	35	36	-0.626917625
129	40	41	36	37	-0.524108119
130	41	42	37	38	-0.480544668
131	42	43	38	39	-0.61643287
132	43	44	39	40	-0.410570526
133	44	45	40	41	-0.518859587
134	45	46	41	42	-0.478485962
135	46	47	42	43	-0.360267168
136	47	48	43	44	-0.372993238
137	48	49	44	45	-0.429706391
138	49	50	45	46	-0.358808675
139	5	7	1	3	-2.623166383
140	6	8	2	4	-2.988919475
141	7	9	3	5	-2.418412408
142	8	10	4	6	-3.023937717
143	9	11	5	7	-1.554867172
144	10	12	6	8	-1.654548737
145	11	13	7	9	-2.618197688
146	12	14	8	10	-2.397184742
147	13	15	9	11	-2.636450226
148	14	16	10	12	-2.954399916
149	15	17	11	13	-3.20839517
150	16	18	12	14	-2.027815346
151	17	19	13	15	-3.334853718
152	18	20	14	16	-2.414380252
153	19	21	15	17	-3.155615862
154	20	22	16	18	-3.081208135
155	21	23	17	19	-2.464369185
156	22	24	18	20	-2.675645412
157	23	25	19	21	-1.499128668
158	24	26	20	22	-2.216374137
159	25	27	21	23	-1.828614767
160	26	28	22	24	-2.27926973
161	27	29	23	25	-2.858017362
162	28	30	24	26	-1.836030411
163	29	31	25	27	-1.946481052
164	30	32	26	28	-2.069456668
165	31	33	27	29	-2.524293149
166	32	34	28	30	-2.200683068
167	33	35	29	31	-2.128118647
168	34	36	30	32	-2.120316729
169	35	37	31	33	-2.667283053
170	36	38	32	34	-2.354814835
171	37	39	33	35	-2.250621386
172	38	40	34	36	-2.859399582
173	39	41	35	37	-2.391228777
174	40	42	36	38	-2.397750575
175	41	43	37	39	-2.508095681
176	42	44	38	40	-2.662461414
177	43	45	39	41	-3.22066023
178	44	46	40	42	-2.637095003
179	45	47	41	43	-3.684946735
180	46	48	42	44	-3.125502704
181	47	49	43	45	-1.713699275
182	48	50	44	46	-3.121197743
183	7	9	1	3	-0.545732386
184	8	10	2	4	-0.502242063
185	9	11	3	5	-0.629701122
186	10	12	4	6	-0.690003768
187	11	13	5	7	-0.709814015
188	12	14	6	8	-0.623274397
189	13	15	7	9	-0.672817967
190	14	16	8	10	-0.59740627
191	15	17	9	11	-0.62426332
192	16	18	10	12	-0.346484949
193	17	19	11	13	-0.774172626
194	18	20	12	14	-0.530133639
195	19	21	13	15	-0.497493746
196	20	22	14	16	-0.447045294
197	21	23	15	17	-0.34674581
198	22	24	16	18	-0.669985525
199	23	25	17	19	-0.683602359
200	24	26	18	20	-0.717376991
201	25	27	19	21	-0.932166228
202	26	28	20	22	-0.397763141
203	27	29	21	23	-1.04473912
204	28	30	22	24	-0.635928022
205	29	31	23	25	-0.73167849
206	30	32	24	26	-0.828750982
207	31	33	25	27	-0.865095263
208	32	34	26	28	-0.397131702
209	33	35	27	29	-0.649505256
210	34	36	28	30	-0.746915604
211	35	37	29	31	-0.645441661
212	36	38	30	32	-0.590761836
213	37	39	31	33	-0.476558283
214	38	40	32	34	-1.071323469
215	39	41	33	35	-0.649849215
216	40	42	34	36	-0.637575168
217	41	43	35	37	-0.62672118
218	42	44	36	38	-0.541207525
219	43	45	37	39	-0.808458122
220	44	46	38	40	-0.840252171
221	45	47	39	41	-0.426713901
222	46	48	40	42	-0.49558923
223	47	49	41	43	-0.807483116
224	48	50	42	44	-0.743401334
225	9	11	1	3	-0.36212106
226	10	12	2	4	-0.264789562
227	11	13	3	5	-0.344634431
228	12	14	4	6	-0.276418273
229	13	15	5	7	-0.279174643
230	14	16	6	8	-0.238722074
231	15	17	7	9	-0.336678203
232	16	18	8	10	-0.219095
233	17	19	9	11	-0.216213455
234	18	20	10	12	-0.175728881
235	19	21	11	13	-0.13589812
236	20	22	12	14	-0.141997915
237	21	23	13	15	-0.151664302
238	22	24	14	16	-0.122631089
239	23	25	15	17	-0.215319176
240	24	26	16	18	-0.182893386
241	25	27	17	19	-0.195500382
242	26	28	18	20	-0.248622686
243	27	29	19	21	-0.212917061
244	28	30	20	22	-0.300429074
245	29	31	21	23	-0.240843332
246	30	32	22	24	-0.300030268
247	31	33	23	25	-0.229290746
248	32	34	24	26	-0.278885967
249	33	35	25	27	-0.287643674
250	34	36	26	28	-0.247595934
251	35	37	27	29	-0.33056335
252	36	38	28	30	-0.303294941
253	37	39	29	31	-0.271841372
254	38	40	30	32	-0.317761429
255	39	41	31	33	-0.30005894
256	40	42	32	34	-0.205574087
257	41	43	33	35	-0.220275318
258	42	44	34	36	-0.231648526
259	43	45	35	37	-0.308377915
260	44	46	36	38	-0.23894084
261	45	47	37	39	-0.22149017
262	46	48	38	40	-0.207577728
263	47	49	39	41	-0.255829952
264	48	50	40	42	-0.194835648
265	7	10	1	4	-2.10855806
266	8	11	2	5	-1.693234054
267	9	12	3	6	-1.74763764
268	10	13	4	7	-2.102934978
269	11	14	5	8	-1.842645178
270	12	15	6	9	-1.699229726
271	13	16	7	10	-1.980665934
272	14	17	8	11	-1.692356266
273	15	18	9	12	-1.489028916
274	16	19	10	13	-1.381588632
275	17	20	11	14	-1.538149787
276	18	21	12	15	-1.698544835
277	19	22	13	16	-1.724578038
278	20	23	14	17	-1.602005646
279	21	24	15	18	-1.670984666
280	22	25	16	19	-1.849927998
281	23	26	17	20	-1.526793826
282	24	27	18	21	-1.260179871
283	25	28	19	22	-1.765898678
284	26	29	20	23	-1.347367535
285	27	30	21	24	-1.849256757
286	28	31	22	25	-1.528394581
287	29	32	23	26	-1.779047334
288	30	33	24	27	-1.539048907
289	31	34	25	28	-1.882318942
290	32	35	26	29	-1.560078261
291	33	36	27	30	-1.887648296
292	34	37	28	31	-2.674138247
293	35	38	29	32	-1.658362614
294	36	39	30	33	-2.374554907
295	37	40	31	34	-1.677443923
296	38	41	32	35	-1.89555844
297	39	42	33	36	-2.3563143
298	40	43	34	37	-1.598231489
299	41	44	35	38	-1.97603626
300	42	45	36	39	-1.632672223
301	43	46	37	40	-1.352980878
302	44	47	38	41	-2.549399858
303	45	48	39	42	-2.413790631
304	46	49	40	43	-2.166706589
305	47	50	41	44	-1.697210003
306	10	13	1	4	-0.337735468
307	11	14	2	5	-0.450867366
308	12	15	3	6	-0.44029212
309	13	16	4	7	-0.553309302
310	14	17	5	8	-0.306677503
311	15	18	6	9	-0.414695946
312	16	19	7	10	-0.446397858
313	17	20	8	11	-0.264014509
314	18	21	9	12	-0.317888043
315	19	22	10	13	-0.266889311
316	20	23	11	14	-0.239404482
317	21	24	12	15	-0.254336528
318	22	25	13	16	-0.303212169
319	23	26	14	17	-0.31387869
320	24	27	15	18	-0.335366236
321	25	28	16	19	-0.322925252
322	26	29	17	20	-0.214603963
323	27	30	18	21	-0.424730432
324	28	31	19	22	-0.536840773
325	29	32	20	23	-0.447575373
326	30	33	21	24	-0.214955373
327	31	34	22	25	-0.468755063
328	32	35	23	26	-0.539795491
329	33	36	24	27	-0.52264552
330	34	37	25	28	-0.431280995
331	35	38	26	29	-0.328445699
332	36	39	27	30	-0.495013087
333	37	40	28	31	-0.66928502
334	38	41	29	32	-0.456290482
335	39	42	30	33	-0.435127118
336	40	43	31	34	-0.612018538
337	41	44	32	35	-0.41817189
338	42	45	33	36	-0.255223235
339	43	46	34	37	-0.443886495
340	44	47	35	38	-0.386667858
341	45	48	36	39	-0.414190518
342	46	49	37	40	-0.386757095
343	47	50	38	41	-0.568849408
344	13	16	1	4	-0.156474039
345	14	17	2	5	-0.162947957
346	15	18	3	6	-0.16641136
347	16	19	4	7	-0.103976884
348	17	20	5	8	-0.13256692
349	18	21	6	9	-0.084652326
350	19	22	7	10	-0.107982837
351	20	23	8	11	-0.102309368
352	21	24	9	12	-0.077229602
353	22	25	10	13	-0.081171258
354	23	26	11	14	-0.079431813
355	24	27	12	15	-0.098293404
356	25	28	13	16	-0.097003492
357	26	29	14	17	-0.0934555
358	27	30	15	18	-0.054860408
359	28	31	16	19	-0.121399453
360	29	32	17	20	-0.150886855
361	30	33	18	21	-0.170742344
362	31	34	19	22	-0.178544281
363	32	35	20	23	-0.204398705
364	33	36	21	24	-0.242164807
365	34	37	22	25	-0.187724845
366	35	38	23	26	-0.225332651
367	36	39	24	27	-0.124438822
368	37	40	25	28	-0.266210354
369	38	41	26	29	-0.17109789
370	39	42	27	30	-0.155582322
371	40	43	28	31	-0.1633006
372	41	44	29	32	-0.22629165
373	42	45	30	33	-0.122375077
374	43	46	31	34	-0.251487341
375	44	47	32	35	-0.219825756
376	45	48	33	36	-0.174025859
377	46	49	34	37	-0.174785577
378	47	50	35	38	-0.087081885
379	9	13	1	5	-1.265672675
380	10	14	2	6	-1.087478781
381	11	15	3	7	-1.429849779
382	12	16	4	8	-0.958443772
383	13	17	5	9	-1.30104931
384	14	18	6	10	-1.246018933
385	15	19	7	11	-0.713953041
386	16	20	8	12	-0.973897764
387	17	21	9	13	-1.15366631
388	18	22	10	14	-1.235179232
389	19	23	11	15	-0.99273284
390	20	24	12	16	-1.051329246
391	21	25	13	17	-0.377396631
392	22	26	14	18	-1.16716804
393	23	27	15	19	-1.114752073
394	24	28	16	20	-1.192184925
395	25	29	17	21	-1.652904585
396	26	30	18	22	-1.426701255
397	27	31	19	23	-1.233961527
398	28	32	20	24	-1.63257522
399	29	33	21	25	-1.453496295
400	30	34	22	26	-2.091674132
401	31	35	23	27	-1.266848429
402	32	36	24	28	-1.545877508
403	33	37	25	29	-1.927404987
404	34	38	26	30	-1.499784265
405	35	39	27	31	-0.740329357
406	36	40	28	32	-1.29332376
407	37	41	29	33	-1.759599618
408	38	42	30	34	-1.339633518
409	39	43	31	35	-1.551778825
410	40	44	32	36	-1.518550895
411	41	45	33	37	-1.508568277
412	42	46	34	38	-1.529693494
413	43	47	35	39	-1.152447615
414	44	48	36	40	-1.798790317
415	45	49	37	41	-1.313379498
416	46	50	38	42	-1.428640812
417	13	17	1	5	-0.280795985
418	14	18	2	6	-0.357551674
419	15	19	3	7	-0.245301485
420	16	20	4	8	-0.2586419
421	17	21	5	9	-0.144462262
422	18	22	6	10	-0.177922731
423	19	23	7	11	-0.165883149
424	20	24	8	12	-0.18670654
425	21	25	9	13	-0.200738984
426	22	26	10	14	-0.190386646
427	23	27	11	15	-0.143923224
428	24	28	12	16	-0.253210583
429	25	29	13	17	-0.166291291
430	26	30	14	18	-0.264801871
431	27	31	15	19	-0.262174766
432	28	32	16	20	-0.180689518
433	29	33	17	21	-0.201131157
434	30	34	18	22	-0.208918175
435	31	35	19	23	-0.430644771
436	32	36	20	24	-0.335178126
437	33	37	21	25	-0.400380432
438	34	38	22	26	-0.455303427
439	35	39	23	27	-0.317452774
440	36	40	24	28	-0.367385353
441	37	41	25	29	-0.297553617
442	38	42	26	30	-0.387994788
443	39	43	27	31	-0.520298829
444	40	44	28	32	-0.443268613
445	41	45	29	33	-0.279745851
446	42	46	30	34	-0.415319998
447	43	47	31	35	-0.266237025
448	44	48	32	36	-0.3116742
449	45	49	33	37	-0.348270352
450	46	50	34	38	-0.439882324
451	17	21	1	5	-0.091237785
452	18	22	2	6	-0.064298752
453	19	23	3	7	-0.060868553
454	20	24	4	8	-0.065316603
455	21	25	5	9	-0.084573759
456	22	26	6	10	-0.068546719
457	23	27	7	11	-0.109246158
458	24	28	8	12	-0.075389415
459	25	29	9	13	-0.110919646
460	26	30	10	14	-0.088356273
461	27	31	11	15	-0.101712468
462	28	32	12	16	-0.045613991
463	29	33	13	17	-0.071990605
464	30	34	14	18	-0.088057847
465	31	35	15	19	-0.04115996
466	32	36	16	20	-0.084190496
467	33	37	17	21	-0.11889175
468	34	38	18	22	-0.104686517
469	35	39	19	23	-0.109366501
470	36	40	20	24	-0.156261327
471	37	41	21	25	-0.155739443
472	38	42	22	26	-0.120227432
473	39	43	23	27	-0.113547576
474	40	44	24	28	-0.108270539
475	41	45	25	29	-0.14048946
476	42	46	26	30	-0.110959698
477	43	47	27	31	-0.118461408
478	44	48	28	32	-0.129587403
479	45	49	29	33	-0.118883091
480	46	50	30	34	-0.146069433
481	11	16	1	6	-1.163528143
482	12	17	2	7	-1.255536376
483	13	18	3	8	-1.186252068
484	14	19	4	9	-1.136330194
485	15	20	5	10	-1.001678336
486	16	21	6	11	-0.912323787
487	17	22	7	12	-0.773707377
488	18	23	8	13	-0.664863137
489	19	24	9	14	-0.772415124
490	20	25	10	15	-0.637041197
491	21	26	11	16	-0.73296747
492	22	27	12	17	-0.740351739
493	23	28	13	18	-0.641006924
494	24	29	14	19	-0.567142658
495	25	30	15	20	-0.831852559
496	26	31	16	21	-0.906044278
497	27	32	17	22	-1.557433125
498	28	33	18	23	-0.871987188
499	29	34	19	24	-1.650930239
500	30	35	20	25	-1.207283986
501	31	36	21	26	-1.145863949
502	32	37	22	27	-1.066428705
503	33	38	23	28	-1.198184986
504	34	39	24	29	-0.855130795
505	35	40	25	30	-1.074477537
506	36	41	26	31	-1.280155039
507	37	42	27	32	-1.474727602
508	38	43	28	33	-0.745773732
509	39	44	29	34	-1.136995287
510	40	45	30	35	-1.520184894
511	41	46	31	36	-1.321729603
512	42	47	32	37	-1.609600153
513	43	48	33	38	-1.027913136
514	44	49	34	39	-1.216113117
515	45	50	35	40	-0.964109885
516	16	21	1	6	-0.164704705
517	17	22	2	7	-0.217429178
518	18	23	3	8	-0.114847805
519	19	24	4	9	-0.17249935
520	20	25	5	10	-0.13618001
521	21	26	6	11	-0.152941527
522	22	27	7	12	-0.128891935
523	23	28	8	13	-0.166628111
524	24	29	9	14	-0.179798145
525	25	30	10	15	-0.146693146
526	26	31	11	16	-0.099313593
527	27	32	12	17	-0.116310765
528	28	33	13	18	-0.162001026
529	29	34	14	19	-0.121053855
530	30	35	15	20	-0.148962698
531	31	36	16	21	-0.235197045
532	32	37	17	22	-0.199577266
533	33	38	18	23	-0.26973376
534	34	39	19	24	-0.290892165
535	35	40	20	25	-0.254006831
536	36	41	21	26	-0.204827036
537	37	42	22	27	-0.175894311
538	38	43	23	28	-0.242057614
539	39	44	24	29	-0.26004817
540	40	45	25	30	-0.358588058
541	41	46	26	31	-0.25790334
542	42	47	27	32	-0.26401907
543	43	48	28	33	-0.394381763
544	44	49	29	34	-0.296568592
545	45	50	30	35	-0.254871191
546	21	26	1	6	-0.063522692
547	22	27	2	7	-0.073822321
548	23	28	3	8	-0.085916121
549	24	29	4	9	-0.076388751
550	25	30	5	10	-0.052277567
551	26	31	6	11	-0.073835861
552	27	32	7	12	-0.09236855
553	28	33	8	13	-0.076697706
554	29	34	9	14	-0.047834508
555	30	35	10	15	-0.076664731
556	31	36	11	16	-0.046501634
557	32	37	12	17	-0.052386052
558	33	38	13	18	-0.070780557
559	34	39	14	19	-0.047051859
560	35	40	15	20	-0.070562704
561	36	41	16	21	-0.087103942
562	37	42	17	22	-0.082601931
563	38	43	18	23	-0.137228935
564	39	44	19	24	-0.091659848
565	40	45	20	25	-0.113410059
566	41	46	21	26	-0.104277635
567	42	47	22	27	-0.123655754
568	43	48	23	28	-0.081222491
569	44	49	24	29	-0.097468336
570	45	50	25	30	-0.115569613
571	13	19	1	7	-1.072755596
572	14	20	2	8	-0.78867493
573	15	21	3	9	-0.573603037
574	16	22	4	10	-0.534986207
575	17	23	5	11	-0.573778454
576	18	24	6	12	-0.366290047
577	19	25	7	13	-0.496025953
578	20	26	8	14	-0.480109257
579	21	27	9	15	-0.333088879
580	22	28	10	16	-0.515762615
581	23	29	11	17	-0.391672344
582	24	30	12	18	-0.412897098
583	25	31	13	19	-0.849593648
584	26	32	14	20	-0.647014025
585	27	33	15	21	-0.615979158
586	28	34	16	22	-0.838566511
587	29	35	17	23	-0.948201472
588	30	36	18	24	-0.927488804
589	31	37	19	25	-0.804073902
590	32	38	20	26	-0.812392671
591	33	39	21	27	-1.213177142
592	34	40	22	28	-0.757525091
593	35	41	23	29	-0.77263052
594	36	42	24	30	-0.754758893
595	37	43	25	31	-1.085875077
596	38	44	26	32	-0.912554604
597	39	45	27	33	-0.977524008
598	40	46	28	34	-0.93782705
599	41	47	29	35	-0.792722407
600	42	48	30	36	-0.768102862
601	43	49	31	37	-0.670478522
602	44	50	32	38	-0.487943129
603	19	25	1	7	-0.165167014
604	20	26	2	8	-0.113549054
605	21	27	3	9	-0.129992172
606	22	28	4	10	-0.149303274
607	23	29	5	11	-0.170465831
608	24	30	6	12	-0.141232884
609	25	31	7	13	-0.155811814
610	26	32	8	14	-0.179282204
611	27	33	9	15	-0.115828801
612	28	34	10	16	-0.099133477
613	29	35	11	17	-0.129163481
614	30	36	12	18	-0.121092127
615	31	37	13	19	-0.126682404
616	32	38	14	20	-0.174998434
617	33	39	15	21	-0.150552184
618	34	40	16	22	-0.239274338
619	35	41	17	23	-0.160306138
620	36	42	18	24	-0.219743756
621	37	43	19	25	-0.198290629
622	38	44	20	26	-0.208964187
623	39	45	21	27	-0.260391373
624	40	46	22	28	-0.326199983
625	41	47	23	29	-0.161626571
626	42	48	24	30	-0.185351526
627	43	49	25	31	-0.2748449
628	44	50	26	32	-0.220249595
629	25	31	1	7	-0.058957419
630	26	32	2	8	-0.059854866
631	27	33	3	9	-0.069992524
632	28	34	4	10	-0.090737975
633	29	35	5	11	-0.063121151
634	30	36	6	12	-0.082898661
635	31	37	7	13	-0.050051796
636	32	38	8	14	-0.049704017
637	33	39	9	15	-0.060847913
638	34	40	10	16	-0.067264663
639	35	41	11	17	-0.058354468
640	36	42	12	18	-0.041403298
641	37	43	13	19	-0.065323893
642	38	44	14	20	-0.049333752
643	39	45	15	21	-0.066284894
644	40	46	16	22	-0.048967791
645	41	47	17	23	-0.013567308
646	42	48	18	24	-0.086371048
647	43	49	19	25	-0.067390054
648	44	50	20	26	-0.078919172
649	15	22	1	8	-0.574318865
650	16	23	2	9	-0.489377482
651	17	24	3	10	-0.591842088
652	18	25	4	11	-0.512308983
653	19	26	5	12	-0.643543088
654	20	27	6	13	-0.405183403
655	21	28	7	14	-0.557648243
656	22	29	8	15	-0.360865012
657	23	30	9	16	-0.457032973
658	24	31	10	17	-0.514101311
659	25	32	11	18	-0.604156488
660	26	33	12	19	-0.472495796
661	27	34	13	20	-0.276289239
662	28	35	14	21	-0.508564592
663	29	36	15	22	-0.636695727
664	30	37	16	23	-0.86423439
665	31	38	17	24	-0.848491893
666	32	39	18	25	-0.572230547
667	33	40	19	26	-0.744157033
668	34	41	20	27	-0.517748588
669	35	42	21	28	-0.634411222
670	36	43	22	29	-0.785754303
671	37	44	23	30	-1.00066828
672	38	45	24	31	-0.931115642
673	39	46	25	32	-0.559246191
674	40	47	26	33	-0.864066249
675	41	48	27	34	-0.743509065
676	42	49	28	35	-0.581608432
677	43	50	29	36	-0.889758276
678	22	29	1	8	-0.107475473
679	23	30	2	9	-0.120878298
680	24	31	3	10	-0.135609856
681	25	32	4	11	-0.108333607
682	26	33	5	12	-0.129643246
683	27	34	6	13	-0.149283404
684	28	35	7	14	-0.139011704
685	29	36	8	15	-0.12649084
686	30	37	9	16	-0.128755481
687	31	38	10	17	-0.071584118
688	32	39	11	18	-0.122347164
689	33	40	12	19	-0.100620898
690	34	41	13	20	-0.116963742
691	35	42	14	21	-0.177452465
692	36	43	15	22	-0.163441647
693	37	44	16	23	-0.186469283
694	38	45	17	24	-0.166949765
695	39	46	18	25	-0.219580381
696	40	47	19	26	-0.211066007
697	41	48	20	27	-0.234619483
698	42	49	21	28	-0.193812358
699	43	50	22	29	-0.181255004
700	29	36	1	8	-0.095643725
701	30	37	2	9	-0.055640666
702	31	38	3	10	-0.070329305
703	32	39	4	11	-0.052485
704	33	40	5	12	-0.043337075
705	34	41	6	13	-0.051988329
706	35	42	7	14	-0.062976094
707	36	43	8	15	-0.048254646
708	37	44	9	16	-0.057900139
709	38	45	10	17	-0.067437112
710	39	46	11	18	-0.064051606
711	40	47	12	19	-0.032018284
712	41	48	13	20	-0.058055547
713	42	49	14	21	-0.04716402
714	43	50	15	22	-0.072530664
715	17	25	1	9	-0.458605592
716	18	26	2	10	-0.331627886
717	19	27	3	11	-0.388217343
718	20	28	4	12	-0.395051826
719	21	29	5	13	-0.33900612
720	22	30	6	14	-0.346226296
721	23	31	7	15	-0.413144051
722	24	32	8	16	-0.420309218
723	25	33	9	17	-0.466440367
724	26	34	10	18	-0.500577855
725	27	35	11	19	-0.3057191
726	28	36	12	20	-0.327786708
727	29	37	13	21	-0.664880912
728	30	38	14	22	-0.518454868
729	31	39	15	23	-0.655055277
730	32	40	16	24	-0.662945731
731	33	41	17	25	-0.735037066
732	34	42	18	26	-0.731500386
733	35	43	19	27	-0.689765016
734	36	44	20	28	-0.605437151
735	37	45	21	29	-0.615057189
736	38	46	22	30	-0.589454392
737	39	47	23	31	-0.47684499
738	40	48	24	32	-0.471812077
739	41	49	25	33	-0.89192823
740	42	50	26	34	-0.743034695
741	25	33	1	9	-0.115255962
742	26	34	2	10	-0.141884107
743	27	35	3	11	-0.162203701
744	28	36	4	12	-0.142247664
745	29	37	5	13	-0.108286703
746	30	38	6	14	-0.140350126
747	31	39	7	15	-0.098839529
748	32	40	8	16	-0.129120623
749	33	41	9	17	-0.14151191
750	34	42	10	18	-0.097190767
751	35	43	11	19	-0.066686662
752	36	44	12	20	-0.131317248
753	37	45	13	21	-0.083164699
754	38	46	14	22	-0.106677584
755	39	47	15	23	-0.162019436
756	40	48	16	24	-0.119002594
757	41	49	17	25	-0.110249738
758	42	50	18	26	-0.141154797
759	33	41	1	9	-0.049333773
760	34	42	2	10	-0.061067868
761	35	43	3	11	-0.044904961
762	36	44	4	12	-0.059250568
763	37	45	5	13	-0.049508905
764	38	46	6	14	-0.041351458
765	39	47	7	15	-0.072471054
766	40	48	8	16	-0.062261135
767	41	49	9	17	-0.056969677
768	42	50	10	18	-0.030079145
769	19	28	1	10	-0.291513471
770	20	29	2	11	-0.330460925
771	21	30	3	12	-0.279455813
772	22	31	4	13	-0.392624414
773	23	32	5	14	-0.388137643
774	24	33	6	15	-0.384908357
775	25	34	7	16	-0.283042548
776	26	35	8	17	-0.289142302
777	27	36	9	18	-0.413809191
778	28	37	10	19	-0.349464428
779	29	38	11	20	-0.37369423
780	30	39	12	21	-0.500989088
781	31	40	13	22	-0.351375901
782	32	41	14	23	-0.484873537
783	33	42	15	24	-0.699469462
784	34	43	16	25	-0.660614716
785	35	44	17	26	-0.67451943
786	36	45	18	27	-0.521370713
787	37	46	19	28	-0.751925321
788	38	47	20	29	-0.832595706
789	39	48	21	30	-0.70543116
790	40	49	22	31	-0.603365925
791	41	50	23	32	-0.584536592
792	28	37	1	10	-0.128740028
793	29	38	2	11	-0.094011902
794	30	39	3	12	-0.102528924
795	31	40	4	13	-0.138433825
796	32	41	5	14	-0.120875367
797	33	42	6	15	-0.1224905
798	34	43	7	16	-0.05223661
799	35	44	8	17	-0.069348473
800	36	45	9	18	-0.109132886
801	37	46	10	19	-0.094221476
802	38	47	11	20	-0.095927897
803	39	48	12	21	-0.087044605
804	40	49	13	22	-0.099119972
805	41	50	14	23	-0.102934905
806	37	46	1	10	-0.039739165
807	38	47	2	11	-0.026736943
808	39	48	3	12	-0.048419951
809	40	49	4	13	-0.061785548
810	41	50	5	14	-0.044381545
811	21	31	1	11	-0.367716175
812	22	32	2	12	-0.298140062
813	23	33	3	13	-0.405329365
814	24	34	4	14	-0.371153431
815	25	35	5	15	-0.305068228
816	26	36	6	16	-0.242741389
817	27	37	7	17	-0.347530472
818	28	38	8	18	-0.351700193
819	29	39	9	19	-0.400385105
820	30	40	10	20	-0.355940698
821	31	41	11	21	-0.387578729
822	32	42	12	22	-0.412907172
823	33	43	13	23	-0.477953534
824	34	44	14	24	-0.415001331
825	35	45	15	25	-0.642790173
826	36	46	16	26	-0.482306759
827	37	47	17	27	-0.49652139
828	38	48	18	28	-0.581862573
829	39	49	19	29	-0.726687284
830	40	50	20	30	-0.727534146
831	31	41	1	11	-0.122304513
832	32	42	2	12	-0.1183828
833	33	43	3	13	-0.080551176
834	34	44	4	14	-0.07518502
835	35	45	5	15	-0.113404343
836	36	46	6	16	-0.093214322
837	37	47	7	17	-0.091046894
838	38	48	8	18	-0.079943165
839	39	49	9	19	-0.084657385
840	40	50	10	20	-0.085235967
841	23	34	1	12	-0.318872067
842	24	35	2	13	-0.390721035
843	25	36	3	14	-0.294575092
844	26	37	4	15	-0.426599644
845	27	38	5	16	-0.33646243
846	28	39	6	17	-0.355002536
847	29	40	7	18	-0.233203848
848	30	41	8	19	-0.205845616
849	31	42	9	20	-0.301527213
850	32	43	10	21	-0.350590733
851	33	44	11	22	-0.413813731
852	34	45	12	23	-0.296065442
853	35	46	13	24	-0.36738264
854	36	47	14	25	-0.399377587
855	37	48	15	26	-0.440213142
856	38	49	16	27	-0.636419368
857	39	50	17	28	-0.300078638
858	34	45	1	12	-0.099452503
859	35	46	2	13	-0.088054442
860	36	47	3	14	-0.100942633
861	37	48	4	15	-0.126483764
862	38	49	5	16	-0.089281284
863	39	50	6	17	-0.081145645
864	25	37	1	13	-0.273130835
865	26	38	2	14	-0.385439449
866	27	39	3	15	-0.250617263
867	28	40	4	16	-0.342971154
868	29	41	5	17	-0.337306055
869	30	42	6	18	-0.287694625
870	31	43	7	19	-0.201430531
871	32	44	8	20	-0.268235482
872	33	45	9	21	-0.342969963
873	34	46	10	22	-0.416119142
874	35	47	11	23	-0.356445229
875	36	48	12	24	-0.404132397
876	37	49	13	25	-0.400162755
877	38	50	14	26	-0.386885384
878	37	49	1	13	-0.102216723
879	38	50	2	14	-0.061587127
880	27	40	1	14	-0.34792652
881	28	41	2	15	-0.283735094
882	29	42	3	16	-0.316404834
883	30	43	4	17	-0.313302532
884	31	44	5	18	-0.354630516
885	32	45	6	19	-0.246197176
886	33	46	7	20	-0.250982932
887	34	47	8	21	-0.21827912
888	35	48	9	22	-0.316062085
889	36	49	10	23	-0.276006473
890	37	50	11	24	-0.286784269
891	29	43	1	15	-0.104369568
892	30	44	2	16	-0.248536411
893	31	45	3	17	-0.33460563
894	32	46	4	18	-0.263090092
895	33	47	5	19	-0.21019934
896	34	48	6	20	-0.230778343
897	35	49	7	21	-0.205914904
898	36	50	8	22	-0.397161388
899	31	46	1	16	-0.353708428
900	32	47	2	17	-0.226145796
901	33	48	3	18	-0.261042442
902	34	49	4	19	-0.257293215
903	35	50	5	20	-0.220173655
904	33	49	1	17	-0.193352148
905	34	50	2	18	-0.231182789
