-5.193629947152542670e+00
-5.167415116564290756e+00
-5.108659200055998717e+00
-5.467945700029088307e+00
-5.012983310569899764e+00
-5.412154203835530808e+00
-5.106667433275262624e+00
-5.428985202266487953e+00
-5.398827180178378704e+00
-4.879166277121869122e+00
-5.059345898470443359e+00
-5.322056919834979638e+00
-5.253280047804079977e+00
-5.528285148086586887e+00
-5.448760691979165571e+00
-5.127180266607578751e+00
-5.208312099806531315e+00
-5.115722304819531274e+00
-5.591833741487099552e+00
-5.482984531856645916e+00
-5.105130476066767287e+00
-5.109735383056937863e+00
-5.286514542533226724e+00
-5.303765144125316411e+00
-5.047732292267696153e+00
-5.208004960081088264e+00
-5.392689812198737442e+00
-5.331684953427774154e+00
-5.131340548866674567e+00
-5.474951902676036930e+00
-5.051729231209749926e+00
-5.288432272591765404e+00
-5.777656305862985064e+00
-5.089412997821125551e+00
-5.369646430145307292e+00
-5.129419399035040072e+00
-5.145353977972211723e+00
-5.124634738996662442e+00
-5.220818059964124735e+00
-5.386729558879710389e+00
-5.348464651252455404e+00
-5.021446664924547498e+00
-5.317747204122099447e+00
-4.974701736775029026e+00
-5.341326306602398155e+00
-5.160638086975402494e+00
-5.060060874216653737e+00
-1.296275564757448207e+00
-1.277026337073747575e+00
-1.353080252758835922e+00
-1.404830482739040098e+00
-1.398005601966743061e+00
-1.312051453041536142e+00
-1.411848054440790534e+00
-1.239501044510760819e+00
-1.366576065335968426e+00
-1.390718263644689756e+00
-1.286114551980962473e+00
-1.378493425069594602e+00
-1.375522884406054080e+00
-1.407553363441858663e+00
-1.322294166589176090e+00
-1.364127786674977028e+00
-1.326221221961161545e+00
-1.322494028129466814e+00
-1.319688568594816758e+00
-1.293599584602656671e+00
-1.276308606311171046e+00
-1.307048230625374785e+00
-1.358616051421807081e+00
-1.286642264634544786e+00
-1.386060537291772476e+00
-1.345419768219045631e+00
-1.347167474581805191e+00
-1.390454855493344910e+00
-1.234508778388045069e+00
-1.367308378120061008e+00
-1.301629913479028344e+00
-1.433150011920543587e+00
-1.399957291071285637e+00
-1.389146804721049122e+00
-1.298012716343030837e+00
-1.303270364118303659e+00
-1.248721550139445302e+00
-1.431327112394247481e+00
-1.388350642720710404e+00
-1.256662083757239978e+00
-1.271109700471169113e+00
-1.299387757876812488e+00
-1.281969578404968946e+00
-1.320777882303769246e+00
-1.327096452129906234e+00
-1.270318744208430717e+00
-5.248631950429036852e-01
-5.431382850375159332e-01
-5.352924723117385986e-01
-5.494169729499365218e-01
-5.789686951482602151e-01
-5.639473748738051961e-01
-5.367799058336945039e-01
-5.702443915269401753e-01
-5.417944869353117365e-01
-5.531610844855744391e-01
-5.141326488714046405e-01
-5.221217760925553897e-01
-5.083553708261271398e-01
-5.355721705982313674e-01
-4.960795170687768985e-01
-5.157379140890174796e-01
-5.194594333615176751e-01
-5.434025170473579802e-01
-5.141043718719728872e-01
-5.534213780122713144e-01
-5.573963657326156396e-01
-5.424623756760883486e-01
-4.881468021811786739e-01
-5.756925203306665351e-01
-5.215084602314392637e-01
-5.157316814567981522e-01
-5.159443897320536987e-01
-5.531129964607437444e-01
-5.104622763875436009e-01
-5.078141137416878337e-01
-5.334984592402767234e-01
-5.493097686033656668e-01
-5.446476555568473543e-01
-5.190880177327577005e-01
-5.283168316476500870e-01
-5.273329232372436781e-01
-5.041192486712414711e-01
-4.860354993108104149e-01
-5.535261063036348572e-01
-5.434076369889598856e-01
-5.140998962555363150e-01
-5.274721253572284274e-01
-5.212346785873730459e-01
-5.502335005022860326e-01
-5.577789361209031238e-01
-2.799195428636060079e+00
-2.703707255258664066e+00
-2.545126472861003908e+00
-2.602675662758191510e+00
-2.762593825902077249e+00
-2.721055053917067479e+00
-2.663129422638524701e+00
-2.827797313090307796e+00
-2.763781003367570044e+00
-2.672215975489763196e+00
-2.482858963326088464e+00
-2.530511003629025701e+00
-2.378475882994569801e+00
-2.587101822047975119e+00
-2.489435578539160421e+00
-2.641260984518324584e+00
-2.598046615301823348e+00
-2.633309486565912572e+00
-2.665803894381614025e+00
-2.670042992939683391e+00
-2.778451169064769743e+00
-2.654499955209663753e+00
-2.494774242458524860e+00
-2.564229865659679142e+00
-2.671360905574610811e+00
-2.597454504932258601e+00
-2.762591266897217679e+00
-2.701199554745169262e+00
-2.652708559235523289e+00
-2.512828741138784849e+00
-2.683311826746229478e+00
-2.766420460570081286e+00
-2.742747923974251822e+00
-2.478169668773541723e+00
-2.523460069260553773e+00
-2.906511575313687867e+00
-2.743615064353417843e+00
-2.680158321542350564e+00
-2.651424677612269409e+00
-2.548908444527432593e+00
-2.688611969236941235e+00
-2.560747540382413145e+00
-2.416486337245531413e+00
-2.557977633537856121e+00
-6.675232627643034045e-01
-6.283611539112902156e-01
-7.233062070118568831e-01
-6.863800260592175517e-01
-7.139589161342747570e-01
-7.005305182893338811e-01
-6.452446357804096921e-01
-5.992477074790419911e-01
-6.448880453527457979e-01
-6.131907072428909311e-01
-6.062895873602219821e-01
-5.175604344425038805e-01
-5.444979933807299055e-01
-5.672307711061773672e-01
-5.759755683051843711e-01
-5.519591535237069468e-01
-6.219429702221657141e-01
-6.127058085640765261e-01
-6.236729300252736863e-01
-6.665613149856757236e-01
-7.140912292607680678e-01
-7.363626390633449814e-01
-6.909796721386544105e-01
-7.172272863253562614e-01
-6.780832169794777098e-01
-6.890754198008750553e-01
-6.651520129183050578e-01
-7.092031642932798974e-01
-6.316366677360413240e-01
-6.801867063163239413e-01
-6.962929681800595905e-01
-7.112869485308594975e-01
-6.693730972889713193e-01
-6.258822782946448227e-01
-6.236120546032003498e-01
-6.488021360720070962e-01
-6.757797111799168643e-01
-6.601483234200494765e-01
-6.118039476998597959e-01
-6.902695623872395769e-01
-6.597819698853830683e-01
-6.754288970470968545e-01
-2.617968659807305420e-01
-2.712740578692328652e-01
-2.790839185149717738e-01
-3.057600400289913756e-01
-2.599019256734234062e-01
-2.782837042658208304e-01
-2.559838310689974139e-01
-2.476909992588927911e-01
-2.180535212896991260e-01
-1.889549250476738884e-01
-1.775821397803778456e-01
-1.852079544057110838e-01
-1.711070995655206428e-01
-1.712965428542728985e-01
-1.783966640821416927e-01
-1.858661659392304155e-01
-2.091192650756588389e-01
-2.438886915361887231e-01
-2.406130784559433189e-01
-2.830244082771316561e-01
-2.863838776884547466e-01
-2.633872411916650114e-01
-3.000751139548386570e-01
-2.725006588455792800e-01
-2.740769810790979477e-01
-2.653465506061296608e-01
-2.777298395172030365e-01
-2.707381254791265679e-01
-2.601410582122435922e-01
-2.799909945746091866e-01
-2.767164581558631542e-01
-2.672550608643021186e-01
-2.706982530873346393e-01
-2.643947011049299078e-01
-2.578387784271225502e-01
-2.299800989149378416e-01
-2.706522509795479259e-01
-2.627196341037792426e-01
-2.606534625284470663e-01
-2.783389174961436452e-01
-1.814313280784711990e+00
-1.819338579178850779e+00
-1.847657755336207686e+00
-1.903360891406256750e+00
-1.877305641895123056e+00
-1.704406459017232089e+00
-1.692684876016696816e+00
-1.712841294554091176e+00
-1.687120953485235386e+00
-1.546428555504244073e+00
-1.592603711394876331e+00
-1.462086644963534576e+00
-1.558887529106587566e+00
-1.528838880528460509e+00
-1.441586815164730861e+00
-1.373987543537970035e+00
-1.644331075368066220e+00
-1.702774654275074795e+00
-1.670368879381138205e+00
-1.821330413647785473e+00
-1.815079057547984487e+00
-1.772719033972870006e+00
-1.923859580076299647e+00
-1.677757190783776275e+00
-1.660117815874640357e+00
-1.861965200507947671e+00
-1.864053552751797183e+00
-1.735130675664827926e+00
-1.752054516011057439e+00
-1.664578132039935321e+00
-1.735097021492562730e+00
-1.842789053343466321e+00
-1.647882091036884544e+00
-1.810212447854623985e+00
-1.747368346277083262e+00
-1.875792877023446215e+00
-1.873860619138208561e+00
-1.798980355375615847e+00
-1.780914031350414595e+00
-1.904973038824702591e+00
-1.746736006307683331e+00
-4.584720604787090870e-01
-4.634035348832766799e-01
-4.870800079311785602e-01
-4.898431653495531335e-01
-4.311662327849232756e-01
-4.018730483015510724e-01
-3.594272884816888669e-01
-3.374364750640048149e-01
-3.105665079614881030e-01
-2.455166307318525920e-01
-2.563948056711389256e-01
-2.501652181431497368e-01
-2.778072539680785380e-01
-2.865047762359458350e-01
-2.920350431695689086e-01
-3.240629956083886931e-01
-3.537613670385886810e-01
-4.080948344683854589e-01
-3.739162625715775068e-01
-4.578545378209801786e-01
-4.643358527733743579e-01
-4.531346043705787863e-01
-4.869825446451461204e-01
-4.715588471969737738e-01
-4.492931349487387926e-01
-4.278099951945545931e-01
-4.591001631008762018e-01
-4.813499210759257796e-01
-4.426489317327920725e-01
-4.666540100085674880e-01
-4.491875798936448838e-01
-4.417696229370448591e-01
-4.647640042161095830e-01
-4.558543364439759937e-01
-4.854710348479984727e-01
-4.356083317861093041e-01
-4.536800446994579405e-01
-4.280796480368252444e-01
-1.851713322663842143e-01
-1.589200666280830287e-01
-1.379468874881797369e-01
-1.255122836404676534e-01
-1.123508851821910515e-01
-1.077355788473681047e-01
-9.579250632196914528e-02
-9.350187886251934422e-02
-1.057849160792471988e-01
-1.038301702716102753e-01
-9.056177863206905931e-02
-9.920159417662423318e-02
-9.528759647777738928e-02
-9.600223813288116803e-02
-9.314155421788967992e-02
-1.175328916970944104e-01
-1.240435182037556011e-01
-1.439848027030655730e-01
-1.635266968301389845e-01
-1.825681610395462617e-01
-1.831526852653326543e-01
-1.818452618465161430e-01
-1.991963677733047944e-01
-1.759744205855440780e-01
-1.906719330235721599e-01
-1.802715618597334479e-01
-1.748100957285213530e-01
-1.873443304572774970e-01
-1.868951692141991028e-01
-1.764333031677535191e-01
-1.876448276693212236e-01
-1.751766991998886802e-01
-1.886095913397754786e-01
-1.832766680475636512e-01
-1.739955898225915010e-01
-1.298257868422954209e+00
-1.339763033567044515e+00
-1.367457801356278813e+00
-1.261271021115144997e+00
-1.311250700376851652e+00
-1.302709276492811874e+00
-1.236342417448186071e+00
-1.104662996873465142e+00
-1.062163001559766284e+00
-1.006310721914795758e+00
-1.021743178319731049e+00
-9.276990590148892490e-01
-1.010282923518790232e+00
-1.014179740327678658e+00
-1.044804997264918045e+00
-1.133321759733167733e+00
-1.192555991194166554e+00
-1.288615532095972904e+00
-1.309663304273354978e+00
-1.313781240089480828e+00
-1.332585864920051488e+00
-1.401571060279231951e+00
-1.375618677529059974e+00
-1.298228505197664084e+00
-1.265405329310416160e+00
-1.293660230608238537e+00
-1.301875237174348943e+00
-1.258998668318647818e+00
-1.377850203769908966e+00
-1.398041064890407803e+00
-1.357646967832127460e+00
-1.300574140353688124e+00
-1.379185089929059194e+00
-1.375338963230879230e+00
-1.243735985334889049e+00
-1.400920742135472352e+00
-1.325615686596936404e+00
-1.316339930631463817e+00
-3.410312695149445572e-01
-3.134150099449007354e-01
-2.776065402465117682e-01
-2.414701858024454750e-01
-2.220712608104229990e-01
-1.943113566521237068e-01
-2.050086116035876871e-01
-1.940656734160672026e-01
-1.747668361779939339e-01
-1.903062830035374686e-01
-1.866973935005842855e-01
-1.839399969113319488e-01
-1.826743548697552233e-01
-2.070876878739088267e-01
-2.013805201724219729e-01
-2.442732911536594775e-01
-2.615390811174043706e-01
-3.109213538039378166e-01
-3.229906089070163633e-01
-3.497484022930850145e-01
-3.416412147186456694e-01
-3.265775979256684280e-01
-3.376646133605373801e-01
-3.376475015104540844e-01
-3.592249908031168171e-01
-3.470397457238911243e-01
-3.447924376894981879e-01
-3.324084714763235748e-01
-3.614249535541110281e-01
-3.377555918554023262e-01
-3.492872188226923691e-01
-3.348645452447167048e-01
-3.288609902435017385e-01
-3.362966634179955228e-01
-7.699911514856587480e-02
-7.796232504907106564e-02
-7.061974622181402261e-02
-7.330312928224362590e-02
-8.186421244755326398e-02
-8.088956634462848849e-02
-8.115689226495534370e-02
-8.113564533479498964e-02
-8.274993954722122125e-02
-8.126340327870924807e-02
-7.726725486265960396e-02
-7.768131111934166444e-02
-7.398501761152190270e-02
-6.943110524944451356e-02
-7.485215236030086372e-02
-8.700594965497714106e-02
-1.043390365772648848e-01
-1.218559624183946644e-01
-1.208646350058341090e-01
-1.395345549675905961e-01
-1.444430968381673064e-01
-1.458475217039156557e-01
-1.405215586099915481e-01
-1.473303895804281838e-01
-1.419912977411784127e-01
-1.332987677322037268e-01
-1.363618566653221342e-01
-1.408587439194123048e-01
-1.311088611076927646e-01
-1.275600971363030911e-01
-1.047967155759615965e+00
-1.081338187942178175e+00
-1.061625687989915079e+00
-1.005380658044862763e+00
-8.563414262692897738e-01
-8.439873757068820925e-01
-7.775006864846591981e-01
-6.606466859383126611e-01
-7.001025677736318897e-01
-7.078463437870561314e-01
-6.955456648686215715e-01
-7.090751817014349090e-01
-7.438009696456995279e-01
-7.827736670373189876e-01
-7.691894123888355361e-01
-8.944843302829148524e-01
-9.601589335825968519e-01
-1.057972540083217172e+00
-1.105845508801742705e+00
-1.088694039893233212e+00
-1.080962269192509151e+00
-1.162818875465184698e+00
-1.225001702030800832e+00
-1.145050960850922062e+00
-1.114218729114437867e+00
-1.052179087277840042e+00
-1.056110270819173413e+00
-1.088130863279342053e+00
-1.079568224055943659e+00
-1.120372802799682654e+00
-1.030551112744738207e+00
-1.109895804105052397e+00
-1.107368886991094925e+00
-1.120346829604075722e+00
-1.193009450838281138e+00
-1.668895340796394122e-01
-1.621015425490889006e-01
-1.425563307036175897e-01
-1.440029733418770330e-01
-1.512328345709212651e-01
-1.545940085441412093e-01
-1.449813488055413102e-01
-1.659122988158413248e-01
-1.494864780547291716e-01
-1.450909775604713736e-01
-1.558598247129524828e-01
-1.414370718836484575e-01
-1.534330987619984543e-01
-1.515016939970537380e-01
-1.767614958375028911e-01
-2.166939294410473171e-01
-2.372857113277285768e-01
-2.447171739362900555e-01
-2.617304806240168813e-01
-2.614141802912715029e-01
-2.902031366870918005e-01
-2.694676928435062457e-01
-2.696263761985739360e-01
-2.908544394998869853e-01
-2.866725668262601889e-01
-2.801071732808504966e-01
-2.838304045514100649e-01
-2.777030954631664050e-01
-2.637175754710079922e-01
-2.709774353839399796e-01
-6.859892695578825861e-02
-7.138137805188193852e-02
-7.347852882940555941e-02
-7.463303264449046293e-02
-8.034505669146224660e-02
-7.892253094871906627e-02
-8.004741374561014089e-02
-7.417968294345124447e-02
-7.636868217660809643e-02
-7.334475583029555212e-02
-6.158152595883181757e-02
-6.292877893092620190e-02
-5.555882277755069126e-02
-5.895514256001745806e-02
-6.688831132516107059e-02
-7.936186196635990064e-02
-8.601584951123458778e-02
-9.649379113965406152e-02
-1.057476461532615292e-01
-1.094806653118336193e-01
-1.162011575857633677e-01
-1.159319234540340526e-01
-1.174030171818351842e-01
-1.128753858913190550e-01
-1.169671639993317969e-01
-8.383185290460467565e-01
-7.431556035527867587e-01
-6.838354272753135454e-01
-6.335524411733076677e-01
-5.475024654845594974e-01
-5.234471181874285062e-01
-5.177358954700900240e-01
-5.536729405305320650e-01
-5.419801293615865712e-01
-5.322910456566419812e-01
-5.579429145256084022e-01
-4.804514008615474729e-01
-6.141492879852747944e-01
-6.117192244372638976e-01
-7.377655438418488920e-01
-7.600091047326309468e-01
-8.104006083173138641e-01
-8.765960295361493460e-01
-9.201577278799518700e-01
-9.000944295180939303e-01
-9.170033405632153078e-01
-9.223370015048798498e-01
-8.427712795301255388e-01
-8.995228982017855479e-01
-8.921225847960448929e-01
-8.745924115091433526e-01
-9.024427259370497723e-01
-9.363100391808034662e-01
-8.916951426323003194e-01
-8.889121760379555814e-01
-8.888948440039274868e-01
-8.897426271118568097e-01
-1.295938798861367980e-01
-1.368246599239611172e-01
-1.282728336085174337e-01
-1.397423907589065983e-01
-1.432283387059630209e-01
-1.515123176887340217e-01
-1.480654764564872106e-01
-1.435465197803272586e-01
-1.393232294692641482e-01
-1.321182613438943998e-01
-1.287094184464940283e-01
-1.252340489114402988e-01
-1.302011438740255933e-01
-1.394986820159793972e-01
-1.586285615945495775e-01
-1.731708643570416262e-01
-1.957466348208143081e-01
-2.146906895276508298e-01
-2.348354929310019212e-01
-2.430208142405634875e-01
-2.363083861942156805e-01
-2.325103118945589520e-01
-2.444349338643851677e-01
-2.324909391214892707e-01
-2.095389587752458371e-01
-2.160437567277814219e-01
-7.109904220467713754e-02
-6.997510172313976817e-02
-6.870513261204808098e-02
-7.637389417378084855e-02
-7.552729581157532901e-02
-6.486141427232285095e-02
-6.735710129998254136e-02
-6.692866969506629238e-02
-6.100707725707545104e-02
-5.938587636149308957e-02
-5.561371562506831068e-02
-5.200195614306633157e-02
-5.254974246480774436e-02
-5.754288682499916763e-02
-5.620945683120235487e-02
-6.587870138645267326e-02
-7.755312828140699388e-02
-8.617974670134427584e-02
-9.266829945738055963e-02
-9.647755093430740447e-02
-5.709215328066820083e-01
-5.043586494632044115e-01
-4.720236334349420249e-01
-4.595592170786118036e-01
-4.323567064614886601e-01
-4.187152185035684093e-01
-4.358120553174731349e-01
-4.506544220605190332e-01
-4.403878106428112393e-01
-4.680627883371922815e-01
-5.006837470027948322e-01
-5.012602518907375293e-01
-5.304509149013492131e-01
-5.438346255771284721e-01
-6.128580651599196960e-01
-6.929272181644139383e-01
-7.542064460870236964e-01
-7.677444136104544237e-01
-8.022530822986085886e-01
-8.301156558437493560e-01
-8.395576160071458460e-01
-7.648302792844037246e-01
-8.372731258608653304e-01
-7.938589751391897931e-01
-7.087158337703706179e-01
-8.133631983490705597e-01
-7.753762503436255615e-01
-7.866660929282419668e-01
-7.226855229347822762e-01
-1.303600177824656703e-01
-1.377632141832530188e-01
-1.359080000797830423e-01
-1.393839684857967887e-01
-1.451170989945446133e-01
-1.293471198259134869e-01
-1.217212209308142501e-01
-1.322749563815005525e-01
-1.237837471830277453e-01
-1.194719331620427288e-01
-1.124006470892086051e-01
-1.143625287609451591e-01
-1.111832842334868204e-01
-1.184482893026743838e-01
-1.375273522979765795e-01
-1.643248502348723938e-01
-1.862581285098385830e-01
-1.811554910704505084e-01
-2.011458457828766977e-01
-1.995433721782507996e-01
-2.095999191542407825e-01
-1.890675447009352028e-01
-6.496649469163644219e-02
-6.339590863507482688e-02
-6.485693895578803492e-02
-7.058328159088037013e-02
-6.308880966981267324e-02
-6.124672284473110101e-02
-5.550324042965171928e-02
-5.492098260960986966e-02
-5.080903027840910635e-02
-4.825790593798239686e-02
-4.756718904195299247e-02
-4.444556716760623277e-02
-4.534919416487908500e-02
-5.065941814449381742e-02
-5.599833255524871989e-02
-4.168656857744412192e-01
-3.893406928587168636e-01
-3.942281093759946176e-01
-3.626879504980823898e-01
-3.901497277466573488e-01
-3.877989361685087455e-01
-3.888932994398892062e-01
-3.848117693901434988e-01
-4.003370459652672575e-01
-3.836201583085095956e-01
-4.165759766183700918e-01
-4.242949290759204795e-01
-4.845073506289162557e-01
-5.455527186140011198e-01
-5.773935273708440397e-01
-6.431968486078090130e-01
-6.582192156315250786e-01
-6.922907397206061741e-01
-7.190944618584992343e-01
-6.613362269430257401e-01
-6.667681751423233383e-01
-6.802199589206077146e-01
-7.080187448842180098e-01
-6.650608178462921183e-01
-6.868760751289740840e-01
-7.057036853303417789e-01
-1.233937981975269937e-01
-1.358761685157806598e-01
-1.352649886103615418e-01
-1.297103569245244281e-01
-1.284150017043330927e-01
-1.188309888710137041e-01
-1.197550477019889287e-01
-1.057536176293013552e-01
-1.024419124467742526e-01
-1.009400254244387785e-01
-9.929970982376862265e-02
-1.009414572364666363e-01
-1.167523055291367767e-01
-1.195812837786033866e-01
-1.264798788244337335e-01
-1.515725489720932961e-01
-1.562487621336955956e-01
-1.619441846041282385e-01
-5.989463319612531311e-02
-5.719027975243883011e-02
-5.835274410198728473e-02
-5.733286735339667567e-02
-5.708356570260676027e-02
-5.066112718086275557e-02
-5.040728727497543332e-02
-4.866154453407241232e-02
-4.494080068896378483e-02
-4.309278411893287947e-02
-3.450317581593891902e-01
-3.350298823650377789e-01
-3.505539393350203814e-01
-3.458174388239730335e-01
-3.535480551756963186e-01
-3.744702341350694130e-01
-3.563160089453780155e-01
-3.361232892701409569e-01
-3.461704410179027858e-01
-3.499306253975314474e-01
-3.832769794938206132e-01
-4.057193409650341476e-01
-4.497872965665120071e-01
-4.908317188162519829e-01
-5.315608160211403588e-01
-5.802168582677225128e-01
-5.988847988558019253e-01
-5.652272252344771042e-01
-5.450136691359883656e-01
-6.343334140125949094e-01
-6.345279665992114015e-01
-6.105786529694390286e-01
-5.740388075954938607e-01
-1.200252568625527483e-01
-1.194481549539766624e-01
-1.128969132083276622e-01
-1.135263883612842167e-01
-1.187708516662955849e-01
-1.085918782316559472e-01
-1.067415357355102762e-01
-1.008491398929352856e-01
-8.953738283818193922e-02
-9.054091250018871107e-02
-9.723558870982006164e-02
-1.057926641770861181e-01
-1.038500523747125925e-01
-1.213837508176433128e-01
-5.752008034422726596e-02
-5.170613860229874431e-02
-5.137141456036948411e-02
-5.132459802134888005e-02
-4.976669498634327810e-02
-3.347035681715711530e-01
-3.711055402462778985e-01
-3.507168274538710051e-01
-3.544377725509533228e-01
-3.610401250109038784e-01
-3.580003331394076005e-01
-3.120084737147760801e-01
-3.099597122040391728e-01
-3.275835459698037133e-01
-3.571112340461454204e-01
-3.854625807198256426e-01
-4.006316075086000517e-01
-4.103374837017497168e-01
-4.474806465463663230e-01
-5.047476473589096457e-01
-5.138501762952292218e-01
-5.079707845588289361e-01
-5.755412485052329163e-01
-5.334190581602661352e-01
-5.207395596430771656e-01
-1.070122455508121379e-01
-1.068584225335079685e-01
-1.107466781852128601e-01
-1.105538393738129954e-01
-9.851941950969991812e-02
-9.923447629691828364e-02
-9.243022080740408153e-02
-9.251675324199812311e-02
-8.602941306342878902e-02
-8.295965962813556249e-02
-3.404936763888119500e-01
-3.484311601494682886e-01
-3.204739098641565809e-01
-3.217113801602818901e-01
-3.209002620852458021e-01
-2.863131360686076987e-01
-3.001702545342956885e-01
-3.122001558435272273e-01
-3.344830535152825135e-01
-3.522209356090753585e-01
-3.920809026057288649e-01
-3.753601003477023967e-01
-4.118513695523823848e-01
-4.342928771529093179e-01
-4.501645363186914106e-01
-4.585760902529800176e-01
-4.719381405033244437e-01
-1.030678765097173821e-01
-1.016667696944406618e-01
-9.489981754436858929e-02
-9.638070983813654125e-02
-8.868482217761093633e-02
-8.571367809980744157e-02
-3.004305282522698461e-01
-3.277409773664099468e-01
-3.206903459062072081e-01
-2.946292173231691569e-01
-3.021958881220906945e-01
-2.720073347382873652e-01
-2.962969392538983837e-01
-2.897420431786581485e-01
-2.947215354011448740e-01
-3.315075994795013137e-01
-3.697821987434585789e-01
-3.827522795121363064e-01
-3.867705165301641990e-01
-3.926487829610275093e-01
-9.075416438478338399e-02
-9.230852986125254178e-02
-3.117971077705380956e-01
-2.966108815026288203e-01
-2.764505927343982039e-01
-2.755987980553806782e-01
-2.767724783607792283e-01
-2.799844776908633204e-01
-2.811462816572116163e-01
-3.006045569061375211e-01
-2.964523501499529146e-01
-3.357366260690755055e-01
-3.470774605514261313e-01
-2.730240183862505110e-01
-2.870088600824078906e-01
-2.497091505985717663e-01
-2.496759403285657986e-01
-2.691019319239923990e-01
-2.634060389942222136e-01
-2.730766914342081519e-01
-2.905292167814747528e-01
-2.529631568608298742e-01
-2.511140012734057181e-01
-2.599613416295207258e-01
-2.533499915860237262e-01
-2.387467835558693963e-01
-2.407873050429419348e-01
-2.233659515086059977e-01
