-5.364432691442236667e+00
-5.261991758992796697e+00
-5.090174053518349950e+00
-5.296829016582977445e+00
-5.146977005284498752e+00
-5.377733956438016882e+00
-5.314742771973629765e+00
-5.406420780498798706e+00
-5.194708235300662835e+00
-5.039438160461813254e+00
-5.400125602209808306e+00
-4.840259621582374550e+00
-5.572164414053980330e+00
-5.561732535946316780e+00
-5.128488689507623377e+00
-5.580684951332755439e+00
-5.417318193411865934e+00
-5.374789302748547826e+00
-5.564179967057825138e+00
-5.307813578755289363e+00
-5.602349652354151388e+00
-5.446369407099219906e+00
-5.502643622229938636e+00
-5.410310395130196959e+00
-4.945820188728761835e+00
-5.580571627653130307e+00
-5.889958556055047367e+00
-5.109583912924062332e+00
-5.320461691560163686e+00
-5.211259843165273686e+00
-5.249680197057776887e+00
-4.742780022527354866e+00
-5.204218274582214754e+00
-5.020895098820905567e+00
-4.886875342025456703e+00
-5.009654469361611184e+00
-4.854226869384286047e+00
-4.968631511499633113e+00
-4.980026365572634006e+00
-5.566166701567744290e+00
-5.049416266391054009e+00
-5.336722850084685277e+00
-4.992268247717478680e+00
-5.297792861959051969e+00
-5.281518203225624042e+00
-4.943281654967517369e+00
-5.027757663414925915e+00
-1.150779325651161367e+00
-1.240870045256749377e+00
-1.186146838463987274e+00
-1.227525443086561197e+00
-1.381839279227521811e+00
-1.336927308468464526e+00
-1.321243517369324660e+00
-1.368536303849163582e+00
-1.358738997549480576e+00
-1.411570030720960656e+00
-1.396346419611455669e+00
-1.390120306313641363e+00
-1.323721921849668748e+00
-1.378915884184368723e+00
-1.224400255205166710e+00
-1.276465862839229803e+00
-1.353524016792272855e+00
-1.361210196425153285e+00
-1.392697531990712889e+00
-1.441974592378763020e+00
-1.401073685944326686e+00
-1.346769573780430829e+00
-1.505516616092013038e+00
-1.379711822174819913e+00
-1.250364798112844733e+00
-1.270502362595507195e+00
-1.268517621637839765e+00
-1.327277161856805332e+00
-1.357535187729048687e+00
-1.337985382663185119e+00
-1.241010193662259509e+00
-1.365637895623897258e+00
-1.209054932587910525e+00
-1.403961644866863923e+00
-1.179504308626436293e+00
-1.354961928538915172e+00
-1.328892758093326076e+00
-1.326822025936973404e+00
-1.358394785599430277e+00
-1.218041940290560454e+00
-1.409536561361840468e+00
-1.299633584444733980e+00
-1.325403167930247816e+00
-1.331269890770932163e+00
-1.245828804720345406e+00
-1.421639155433920276e+00
-4.669951770396900681e-01
-5.180212659484926263e-01
-5.089182372562658374e-01
-5.400997562182422440e-01
-5.016934407094068016e-01
-5.905249974170089233e-01
-5.307523877674164003e-01
-5.829997540048117433e-01
-5.037019850515972452e-01
-5.123372958800456178e-01
-5.348976681312290760e-01
-5.340335947779091263e-01
-5.229735789747850250e-01
-5.121803380672451667e-01
-5.085702832473907309e-01
-4.675140932089181800e-01
-5.386530311432544682e-01
-5.512380686555243825e-01
-4.842866909622001725e-01
-5.286803691900346935e-01
-5.317034833231856217e-01
-5.360484142637985672e-01
-5.630395944503370220e-01
-5.079864642486000559e-01
-5.454068628551684839e-01
-5.167131722639779490e-01
-5.857119490542298523e-01
-5.468135243537355361e-01
-5.653268088440296379e-01
-5.596295964795043876e-01
-5.083963386058532041e-01
-5.646297891149999471e-01
-5.224812219356156362e-01
-5.037189847121977815e-01
-5.618276867474607528e-01
-5.190903655297971486e-01
-5.564609538439496683e-01
-5.926048846738949383e-01
-5.331585560290073023e-01
-5.211279192922719794e-01
-5.686293011265282082e-01
-5.455141207267865111e-01
-5.345082656633928231e-01
-5.380198393924142675e-01
-5.950720685427409729e-01
-2.490078856499783555e+00
-2.811248205231668962e+00
-2.607281597918356564e+00
-2.622592998520104857e+00
-2.735745596179849581e+00
-2.541523968491524510e+00
-2.729389309150363818e+00
-2.579339278332227536e+00
-2.721689965036591108e+00
-2.632898371914183855e+00
-2.508392360503611140e+00
-2.761828510306782114e+00
-2.669836936739745870e+00
-2.668012776500478189e+00
-2.325854847685393079e+00
-2.789790871735923439e+00
-2.679644549122618624e+00
-2.339517959569149763e+00
-2.649820644279322845e+00
-2.651218194173196263e+00
-2.656212455854372934e+00
-2.459754009002736108e+00
-2.561390603284996903e+00
-2.725322561083193484e+00
-2.658607710802970203e+00
-2.615671098330078159e+00
-2.587401480242327079e+00
-2.594822856462860372e+00
-2.760634051956875723e+00
-3.021372984220575209e+00
-2.531575744504671821e+00
-2.674854144116541654e+00
-2.798228260188850847e+00
-2.752255795180369891e+00
-2.685167962374860995e+00
-2.650156029569235461e+00
-2.609747274727772570e+00
-2.483129385490849383e+00
-2.621361504670791653e+00
-2.518412545325746876e+00
-2.463381037736565915e+00
-2.457392871314584060e+00
-2.653554217790345948e+00
-2.623523227451686424e+00
-6.711943401494244732e-01
-6.234895275956157112e-01
-6.933844294408744169e-01
-6.428686697054951660e-01
-6.243930918728731738e-01
-6.965183846062258377e-01
-7.329574576597825963e-01
-6.953715229011934174e-01
-6.358536795201944480e-01
-6.670295773514242077e-01
-5.231126751070623859e-01
-5.394448848741738578e-01
-5.909285281517900890e-01
-5.145453169467646415e-01
-5.597399497795240153e-01
-5.841785683319025146e-01
-5.898122638319547306e-01
-6.287381822478247395e-01
-6.440464697580402520e-01
-6.657511428547766563e-01
-7.527085434772624595e-01
-6.862390436683252215e-01
-6.316029301882630786e-01
-6.535596938137638867e-01
-7.050068025677024286e-01
-6.415301679399487700e-01
-6.661030361152283641e-01
-6.622806806189366347e-01
-6.573164362412591277e-01
-7.095134532089260038e-01
-6.486666619910340659e-01
-6.264010187505125726e-01
-6.670499286833579955e-01
-6.677402786560652226e-01
-6.442036471853305191e-01
-6.812493984040151052e-01
-6.766064777080036396e-01
-6.670646679728680084e-01
-6.788131572770997879e-01
-6.562703371922602447e-01
-7.549311394069542214e-01
-6.771779063015711531e-01
-2.789071127486159041e-01
-2.680149484216142186e-01
-2.662606184087535355e-01
-2.699380093832965954e-01
-2.632156788059611396e-01
-2.597570713500346740e-01
-2.325253725918214887e-01
-2.056741086845199351e-01
-2.148924271297462940e-01
-1.884020338478898937e-01
-1.638022426332281789e-01
-1.882112288201620298e-01
-1.823256467546799653e-01
-1.749113765156739553e-01
-1.806573630152817078e-01
-1.894069400355382349e-01
-2.304754480805420724e-01
-2.190038827181088332e-01
-2.577512007941918926e-01
-2.798353613430894504e-01
-2.587323050586263773e-01
-2.543826292595742777e-01
-2.708167804500019593e-01
-2.831171272307234643e-01
-2.791518907174337372e-01
-2.753537926214634779e-01
-2.704112164163453569e-01
-2.731025992899129839e-01
-2.640080006664516366e-01
-2.711389797127640722e-01
-2.699574684799340707e-01
-2.716141513407465680e-01
-2.605004366055849174e-01
-2.491514106580586252e-01
-2.593558242639013578e-01
-2.570213388135672017e-01
-2.849172136704058445e-01
-2.767852066216451856e-01
-2.538720630870152650e-01
-2.637766882871898089e-01
-1.690051405131370199e+00
-1.870680222996383479e+00
-1.768575160547512848e+00
-1.875202659541608030e+00
-1.854527907665581177e+00
-1.739328613181247984e+00
-1.835928015424258097e+00
-1.830753515360795669e+00
-1.541629696687732087e+00
-1.692297945422437611e+00
-1.520552353153751701e+00
-1.550632198205398549e+00
-1.639394843598098506e+00
-1.463450674236564497e+00
-1.455442457970316905e+00
-1.572972023191582469e+00
-1.525480795876295703e+00
-1.572340881702291471e+00
-1.668039351667597980e+00
-1.815782271039591667e+00
-1.964601520318796535e+00
-1.911409107569813637e+00
-1.750643842417022977e+00
-1.758568731259659179e+00
-1.715120077948913302e+00
-1.833459785910913631e+00
-1.597588804503418336e+00
-1.636864101784028414e+00
-1.791030590262755240e+00
-1.697359933512055719e+00
-1.690265226245467378e+00
-1.746242406860760266e+00
-1.546071208987501500e+00
-1.896149091950577015e+00
-1.822870885521430617e+00
-1.765393432061799217e+00
-1.866450411173513624e+00
-1.790237290612806342e+00
-1.785770700909862008e+00
-1.677322795517045106e+00
-1.735154812562803572e+00
-4.222499955249695014e-01
-4.944554931137419840e-01
-4.957190738001420183e-01
-4.249812660328606273e-01
-4.223921715512093389e-01
-3.960700557397210386e-01
-3.531091554134731525e-01
-3.625216429337500545e-01
-2.798492081527065856e-01
-2.707867024905037945e-01
-3.167367323817194547e-01
-2.495614928952650802e-01
-2.828698497605420803e-01
-3.138081413781244056e-01
-3.014539886286438097e-01
-3.383169931270819109e-01
-3.661087858199306155e-01
-4.346235717285504840e-01
-4.257053040861746296e-01
-4.579939468158726323e-01
-4.478011210026022759e-01
-4.659907549885439204e-01
-4.085614994542668410e-01
-4.676772321569888091e-01
-4.463996597303092617e-01
-4.212936983374744870e-01
-4.616397978892984866e-01
-4.631383432719407556e-01
-4.156110350424904176e-01
-4.548755034934386932e-01
-4.145971775282076832e-01
-4.376513249455902810e-01
-4.300123294993866141e-01
-4.468781372609949010e-01
-4.418758351053219680e-01
-4.508838081182603430e-01
-4.507323530154998537e-01
-4.350532567146521146e-01
-1.945644394453538428e-01
-1.579528607912828730e-01
-1.508375139257229769e-01
-1.241426083681551884e-01
-1.178362538512585656e-01
-1.132641004774850302e-01
-9.981334926292799448e-02
-9.174465605238195376e-02
-1.016674583921329117e-01
-1.022532170713063293e-01
-9.669643642197399414e-02
-9.660451203840897394e-02
-9.399630345762588490e-02
-9.305090758580394916e-02
-1.024598287135337765e-01
-1.147584726984158393e-01
-1.310226771403312507e-01
-1.512705817728161872e-01
-1.818655245682971322e-01
-1.963763861667197352e-01
-1.767050387413753310e-01
-1.971876172288432871e-01
-1.852254409721279249e-01
-1.965482382625811375e-01
-1.708632216515407476e-01
-1.777368802298859851e-01
-1.845836053840349822e-01
-1.661326180779613693e-01
-1.731086067063244971e-01
-1.748822566508270726e-01
-1.708922948104860118e-01
-1.836518071212021319e-01
-1.881280249253130255e-01
-1.800126854489100536e-01
-1.820846855306046397e-01
-1.362570355241759179e+00
-1.447222447273287971e+00
-1.433884459350326379e+00
-1.414383265116588184e+00
-1.401434127991414202e+00
-1.323059771128947348e+00
-1.212826888518538260e+00
-1.147528961317190621e+00
-1.089643068930207015e+00
-1.048698743569311809e+00
-8.886008445995396965e-01
-1.020311720829566449e+00
-1.077750614332116941e+00
-1.056891269659224752e+00
-1.093527759930439824e+00
-1.152901873450798753e+00
-1.169853382464698388e+00
-1.214880605486653664e+00
-1.251795853520935031e+00
-1.224959259241986231e+00
-1.356493468789136569e+00
-1.369165763997099772e+00
-1.265705796095988322e+00
-1.361660065433664801e+00
-1.340038250960916111e+00
-1.293998462994591092e+00
-1.359837746341747700e+00
-1.361498000819974408e+00
-1.312455666795310893e+00
-1.337736864970276995e+00
-1.246447953326651481e+00
-1.309917574235352156e+00
-1.354354878647425098e+00
-1.454331536581138451e+00
-1.288871122445058637e+00
-1.295191866023678529e+00
-1.347020101750807219e+00
-1.348070961394414624e+00
-3.166648163741661581e-01
-3.115774716202044381e-01
-2.867908771491882725e-01
-2.356542288257368334e-01
-2.266145879943625985e-01
-1.914606517168808419e-01
-1.740942309438067437e-01
-1.835786493021031307e-01
-1.851922578444181455e-01
-1.873448113017983085e-01
-1.762368816612559508e-01
-1.935158207786544793e-01
-1.925149691262537655e-01
-1.843644303870019818e-01
-2.030660593599856178e-01
-2.342302604283564571e-01
-2.611264106183143197e-01
-3.155872855941140864e-01
-3.360040234491481481e-01
-3.812136262146033072e-01
-3.562400044029089830e-01
-3.542908400145179937e-01
-3.460633522244768723e-01
-3.293567762667945487e-01
-3.560356326034574970e-01
-3.560317748123788539e-01
-3.131044128255080494e-01
-3.389157458124811284e-01
-3.245869424059820152e-01
-3.391265479295284546e-01
-3.478567399228653101e-01
-3.399059549487068455e-01
-3.200915576553980402e-01
-3.518083096178689639e-01
-8.164697389942843220e-02
-6.782724650015098389e-02
-7.213301845978495330e-02
-7.341659781968393195e-02
-8.213096599908518980e-02
-8.601034145995181679e-02
-8.537820202860049723e-02
-8.892614106784833827e-02
-8.314927603358843178e-02
-7.415847027716118700e-02
-7.782768548113504214e-02
-7.824291400778390915e-02
-6.988190850605718873e-02
-7.543249679671563956e-02
-7.559529123480836221e-02
-8.631988083040874338e-02
-1.031275246882451396e-01
-1.188041375656637560e-01
-1.307668969088197908e-01
-1.437966534011911601e-01
-1.439085331426012970e-01
-1.486937242688363969e-01
-1.455514002400639384e-01
-1.345611955212455690e-01
-1.436316430340922601e-01
-1.393437913850595067e-01
-1.485376757015817173e-01
-1.184420017413279347e-01
-1.428845311912576022e-01
-1.368926939682144628e-01
-1.154842136261943875e+00
-1.044648274104143626e+00
-1.116202556931684020e+00
-9.827851320074095787e-01
-8.616668079766920396e-01
-7.958116482562701544e-01
-7.651810020088716247e-01
-6.991951344387555833e-01
-7.091554875500776234e-01
-7.092551128974602381e-01
-6.755969208227038392e-01
-6.820493844835865405e-01
-7.392457269804760811e-01
-7.080300059778064092e-01
-7.993089362687797461e-01
-8.752615464123725264e-01
-1.008746232361517725e+00
-1.125564595215536423e+00
-1.057103998468941208e+00
-1.012157148968408471e+00
-1.099164186934543874e+00
-1.075364811829479406e+00
-1.073444037287712316e+00
-1.081340404211095674e+00
-1.024863632568206784e+00
-1.069130633215522597e+00
-1.130196853963337800e+00
-1.015664060143260938e+00
-1.101125443667023251e+00
-1.053423334861983696e+00
-1.018457877758651930e+00
-1.056886588217867740e+00
-1.097821500773743519e+00
-1.142521353536437356e+00
-1.070268835006941144e+00
-1.635776767567876377e-01
-1.564774179195338455e-01
-1.433561708660331946e-01
-1.635051000090999851e-01
-1.482922120742954375e-01
-1.640572511878886641e-01
-1.613434840834694073e-01
-1.635586533806640541e-01
-1.631327486011344696e-01
-1.519488164431929411e-01
-1.558956116605599018e-01
-1.485093678917092930e-01
-1.443022265410334459e-01
-1.650303818573040371e-01
-1.859513159553483619e-01
-1.866910277985916744e-01
-2.411203625299775666e-01
-2.699326853694032913e-01
-2.533596377254574428e-01
-2.868672610451630800e-01
-2.871690004092528614e-01
-3.042683246496267202e-01
-2.580895339146515033e-01
-2.729528941585295798e-01
-2.713463738575146444e-01
-2.746265731603299565e-01
-2.550850240626066912e-01
-2.426095033498816833e-01
-2.583933549024748921e-01
-2.556371020110209669e-01
-6.428884858966454896e-02
-7.463540100348976802e-02
-7.394485331242268977e-02
-7.589338282182378492e-02
-7.109673941917524220e-02
-7.552664699712717533e-02
-7.490597353984962403e-02
-6.894113407928575965e-02
-7.548797941344051465e-02
-7.169216759139052098e-02
-6.736714032391402651e-02
-5.888683830911705525e-02
-5.954707240783597283e-02
-5.669319444597364227e-02
-6.617915445858045531e-02
-7.641114023569185731e-02
-8.563369728812145198e-02
-9.826131956576876492e-02
-1.044189838348134752e-01
-1.174631797906710989e-01
-1.204025209480614200e-01
-1.169271600542745454e-01
-1.113075126221198530e-01
-1.195129846142720109e-01
-1.137601218920135659e-01
-8.059322517696018151e-01
-6.944388334496166548e-01
-6.590342150486768746e-01
-6.719610202623182982e-01
-5.648563231464247547e-01
-5.846090812073485576e-01
-5.674394061702016101e-01
-5.317839072996380922e-01
-5.319604881880329872e-01
-4.601708223908047568e-01
-5.241895455205717314e-01
-5.354097043499472797e-01
-5.890749656655386302e-01
-6.229822153619851699e-01
-6.929460168274809151e-01
-8.505563467988528359e-01
-8.560657435650627090e-01
-8.587714934715885429e-01
-9.320041943546389929e-01
-1.039658686866516968e+00
-9.528389567830403140e-01
-8.829438723078671947e-01
-9.310701585496695687e-01
-9.150567921808907546e-01
-9.318715883176513781e-01
-8.880881806189546701e-01
-8.850952927022945893e-01
-8.905406652016744085e-01
-8.705309883365068835e-01
-8.261117695059286836e-01
-8.721484712344702572e-01
-8.823726911364434544e-01
-1.241945972364822542e-01
-1.385091564338869763e-01
-1.266165401834893067e-01
-1.274068953120293668e-01
-1.440067389460582548e-01
-1.453015957626964949e-01
-1.497519556343559766e-01
-1.463005246289837691e-01
-1.375854335978098641e-01
-1.285486413205000344e-01
-1.230482079282938929e-01
-1.313595737320927270e-01
-1.275008625980179056e-01
-1.557478271880399223e-01
-1.590708336243033538e-01
-1.824522738425036761e-01
-2.177940739749971155e-01
-2.023386946729038016e-01
-2.429073445265157449e-01
-2.482649365383714501e-01
-2.273062522499260663e-01
-2.501714404132892033e-01
-2.469731609030767494e-01
-2.264275183645616252e-01
-2.454569837100710195e-01
-2.306767569040664989e-01
-6.187890965615411992e-02
-7.384997592589993831e-02
-6.949543396670199158e-02
-6.729169437889556682e-02
-7.540798727102454579e-02
-6.913234611016053077e-02
-6.645062109451693733e-02
-6.084342878596014914e-02
-6.289836597590198197e-02
-5.425572811397749717e-02
-5.629455423848760826e-02
-5.190014555877614510e-02
-4.933046943522489958e-02
-5.388171299545245485e-02
-5.629151389281967371e-02
-6.954617774051027879e-02
-8.190096762995295598e-02
-8.211081699759925634e-02
-8.396568181676269949e-02
-9.822913566180610512e-02
-5.602737675348351543e-01
-4.735733627207204255e-01
-4.629600321046820066e-01
-4.144201933563363971e-01
-4.175512338422749936e-01
-4.280120475096788057e-01
-4.789449070231573957e-01
-4.311755520460969215e-01
-4.233160900851619113e-01
-4.219785733978230757e-01
-4.547631955384114910e-01
-4.544270258837657672e-01
-4.630751766777246869e-01
-5.422251086162769296e-01
-6.140640778611934358e-01
-6.997476009534936425e-01
-7.639223394051426475e-01
-7.679216536595334652e-01
-7.512938991974718039e-01
-7.953152886740801897e-01
-7.975407696185919937e-01
-7.591741448737777676e-01
-8.639964295229639601e-01
-7.393936459733049249e-01
-9.017832637933171913e-01
-7.975755772269936816e-01
-7.777323132529886385e-01
-7.839206981719146761e-01
-7.563497336916779057e-01
-1.392042394109125336e-01
-1.312246057532105159e-01
-1.353295173330233692e-01
-1.463683000822262603e-01
-1.505081341938857564e-01
-1.262289859115570678e-01
-1.330581313360978957e-01
-1.143085185039523360e-01
-1.099751833191268263e-01
-1.130700506412250367e-01
-1.128233736707865559e-01
-1.121159795292058364e-01
-1.269685962696298631e-01
-1.259295766793031845e-01
-1.461013433420320362e-01
-1.555960353632728221e-01
-1.818297341377026755e-01
-1.722843932070875494e-01
-1.906965104725946436e-01
-2.090185274708666885e-01
-1.995152361940867314e-01
-1.915552300580689316e-01
-6.290013316449695469e-02
-6.282874114028076662e-02
-6.643732885792735798e-02
-6.530068326166228732e-02
-6.867555031652884667e-02
-6.010242479151296779e-02
-6.265423896526983727e-02
-5.844147153028122349e-02
-5.341134673048483078e-02
-4.671737387996140189e-02
-4.855011192070379789e-02
-4.781222502823018194e-02
-4.801134088694127000e-02
-5.057492263004965960e-02
-5.205468385288571087e-02
-3.978056237886847812e-01
-4.102760994127362948e-01
-3.858232204970610812e-01
-3.827216992567130105e-01
-4.077248130143075744e-01
-3.653249878559079455e-01
-3.737882341976686562e-01
-4.007163935411803268e-01
-3.932100930217302670e-01
-4.123455856319402368e-01
-3.911033343240322702e-01
-4.286565950437982164e-01
-4.929834043694027446e-01
-5.559283713998696141e-01
-5.964974814410562987e-01
-6.677426450390906432e-01
-6.423645076372718199e-01
-6.877600400649177548e-01
-7.049568305019799919e-01
-7.033618340377778555e-01
-6.880069657699343644e-01
-6.615724668462558133e-01
-7.958897127679012140e-01
-6.576899924734488367e-01
-6.875083025035705342e-01
-6.404429035715907270e-01
-1.257336610010471867e-01
-1.318903916699827594e-01
-1.280387646813303248e-01
-1.240255947721809332e-01
-1.293328625794404330e-01
-1.148509642080840082e-01
-1.144223237998756998e-01
-1.128723791655780878e-01
-1.128483321437372677e-01
-9.515862450847026310e-02
-1.022606499126225005e-01
-9.331633469210458276e-02
-1.095461810566479705e-01
-1.284233898462183165e-01
-1.412479447662074450e-01
-1.499106919936489812e-01
-1.649048702357417406e-01
-1.667277387760032481e-01
-5.413303350124197555e-02
-5.726111968174091293e-02
-5.909323614696997129e-02
-5.913259585532358587e-02
-5.544870560273549437e-02
-5.703978032176002660e-02
-5.082534432714010120e-02
-5.268840786078424210e-02
-4.719435646083287861e-02
-4.143685468539398675e-02
-3.576854062415591451e-01
-3.392850893388481004e-01
-3.671589112950122136e-01
-3.570201221596938090e-01
-3.683859564118171503e-01
-3.632548582624806621e-01
-3.547619978353858117e-01
-3.460325934057182917e-01
-3.502181777392283646e-01
-3.654962435158259915e-01
-4.238086665397328701e-01
-4.024413787650431562e-01
-4.424833373972033579e-01
-4.852841535491300706e-01
-5.869775579906834073e-01
-5.422763464557081026e-01
-5.551433359608757279e-01
-6.024297760823524861e-01
-6.131274055894251340e-01
-6.128678737454623660e-01
-6.348281171933211064e-01
-5.880805410409953859e-01
-5.975774109381999377e-01
-1.230833197205290219e-01
-1.303591207847148159e-01
-1.186368219810118169e-01
-1.153940329121573016e-01
-1.191747080762196459e-01
-1.121598593491843904e-01
-9.854414476675485424e-02
-9.592020995915750969e-02
-8.368604380539686194e-02
-9.550663291956286438e-02
-9.367318060570091476e-02
-9.580447382954550284e-02
-1.118009641330883902e-01
-1.202593501274153293e-01
-5.517481254163068838e-02
-5.212248106358757099e-02
-5.041886028409447301e-02
-5.626966538409324675e-02
-4.642294345935852468e-02
-3.350063104401817538e-01
-3.590024927995557613e-01
-3.352149841405294706e-01
-3.122184951349954440e-01
-3.640944995060683143e-01
-3.306286251957510913e-01
-3.410100194794492001e-01
-3.007203414181545131e-01
-3.369590895393385077e-01
-3.606138349029555101e-01
-3.627154982620388601e-01
-3.830455171077475907e-01
-4.513703843274603500e-01
-4.483750297128897278e-01
-4.529294226197455031e-01
-5.069151458843265123e-01
-5.188132681930129886e-01
-5.501387236720329810e-01
-5.488944858112158043e-01
-5.618655441116012783e-01
-1.161875393254575423e-01
-1.176472406215021138e-01
-1.115627551524537991e-01
-1.071590932178863170e-01
-1.000652320271725598e-01
-9.289802361045283730e-02
-9.021660206954615346e-02
-8.400186615023746972e-02
-8.234482876610868529e-02
-8.469973076921420707e-02
-3.455920514048902437e-01
-3.310458026156962719e-01
-3.467062086426664913e-01
-3.388013277707858095e-01
-3.077119753765741317e-01
-2.746847665704060248e-01
-2.880428408923939587e-01
-3.291376536749827664e-01
-3.066695830817058877e-01
-3.512151419063848090e-01
-3.736964042225721649e-01
-3.941538874107146651e-01
-4.034520537830911247e-01
-4.869745036940656968e-01
-4.478970867908573794e-01
-5.149872439814459080e-01
-4.730025437901539398e-01
-9.449651791468297035e-02
-9.855447373183935655e-02
-9.235806328396699294e-02
-9.377142771177160441e-02
-8.962516129745488891e-02
-8.818117739562630897e-02
-3.255961083152853486e-01
-2.886507052673676355e-01
-2.984983685619759797e-01
-3.059399768201011560e-01
-3.282907517128969554e-01
-2.871037560281715084e-01
-2.843578003209636385e-01
-3.135194634788398549e-01
-2.934963248220704979e-01
-3.437179667945358674e-01
-4.017007418364358928e-01
-3.666479995289597116e-01
-3.891777984706942251e-01
-4.381748807481620767e-01
-9.224969095223792270e-02
-9.392136783751284246e-02
-3.086306699865572489e-01
-2.714123107830008208e-01
-2.840540764340944713e-01
-2.914595851641426649e-01
-2.678177115557773269e-01
-2.578788975909162007e-01
-2.811183065231313560e-01
-2.739570329341401433e-01
-3.317499303376288400e-01
-3.462125334325299453e-01
-3.499436768936485254e-01
-2.976508593405366998e-01
-2.661911653745128725e-01
-2.528640551466221353e-01
-2.385429830051822853e-01
-2.634478554454405819e-01
-2.391824811568904752e-01
-2.721182683917081069e-01
-2.837420748897679923e-01
-2.511860670342536683e-01
-2.476626986442161116e-01
-2.411784726376472177e-01
-2.378637227417340072e-01
-2.400757695821987836e-01
-2.234721914103993401e-01
-2.233442833684751438e-01
