-5.721455949865964286e+00
-5.606088374432843580e+00
-4.165775025642713736e+00
-4.457832162061168724e+00
-4.895799128853554727e+00
-5.505062789234020038e+00
-5.264054551157691719e+00
-5.113568990105342493e+00
-4.980561157362838998e+00
-5.326908163613017777e+00
-5.483004566925625767e+00
-4.854096661891673214e+00
-5.373763176834326138e+00
-5.219128288934609117e+00
-5.507841390280861837e+00
-4.005623981297002700e+00
-5.416022065187297230e+00
-5.027502976186712935e+00
-5.502521998814740911e+00
-5.238227107596071797e+00
-4.803713882990592765e+00
-4.574888977642220134e+00
-4.553967809166099556e+00
-5.254262530989066704e+00
-5.358867982753253045e+00
-5.023824531338216381e+00
-5.304733847601490915e+00
-5.583937630182395750e+00
-5.880530880389239989e+00
-5.630915966266178074e+00
-5.078440206814025970e+00
-5.114179583873052160e+00
-4.997030501751209108e+00
-4.845421010930666128e+00
-5.103920382784611576e+00
-4.932222893782418183e+00
-5.418530332443752151e+00
-5.325331677371443639e+00
-4.603792133468569858e+00
-5.655623162971991746e+00
-4.851480674676686533e+00
-6.063041901708153603e+00
-5.712991853134511189e+00
-5.433242336652201132e+00
-4.664246091320870313e+00
-4.938682274927406191e+00
-5.444269270805711436e+00
-1.643235724014063370e+00
-1.321814353970568900e+00
-1.158361417159419426e+00
-1.251993316494749431e+00
-1.104169664190832956e+00
-1.500269246479724927e+00
-1.346896058242433414e+00
-1.279160669806519657e+00
-1.190204213539217015e+00
-1.494607261922341390e+00
-1.378556391275985504e+00
-1.286488929973307327e+00
-1.304810152112070298e+00
-1.402866844006957381e+00
-1.407968181481560999e+00
-1.128626137754753733e+00
-1.595247844498627554e+00
-1.414623369014022192e+00
-1.462029592703687042e+00
-1.750788865746726763e+00
-1.154784905061641886e+00
-1.271184784482309649e+00
-1.111641849303839136e+00
-1.353008330247853053e+00
-1.021599289194538684e+00
-1.402249458537509819e+00
-1.371921150863912642e+00
-1.298100943838111920e+00
-1.173619495543925861e+00
-1.248961131102393374e+00
-1.397394610314575347e+00
-1.059885603750757133e+00
-1.263478596022248324e+00
-1.326510142053342278e+00
-1.549272792795957976e+00
-1.330174748106949245e+00
-1.303993524771670076e+00
-1.083409405736924569e+00
-1.314925675822017581e+00
-1.358313938151629818e+00
-1.418466027782677497e+00
-1.251630238401925554e+00
-1.299484186530843077e+00
-1.271046559957452748e+00
-1.249832413583419344e+00
-1.220723712300435970e+00
-5.259381532659485048e-01
-4.414226569892128471e-01
-5.428120492530116303e-01
-5.140629267062389873e-01
-5.468210129347351733e-01
-5.062143514435911706e-01
-4.980086405843349162e-01
-5.360434332256304168e-01
-5.179041447347187965e-01
-5.824874921599740851e-01
-3.582111151471587540e-01
-4.539814720974613138e-01
-5.241887191460163908e-01
-5.261844986920536371e-01
-5.219687171133994275e-01
-4.991409692329600301e-01
-5.243949801339162775e-01
-5.490483621610519060e-01
-3.654990004018974781e-01
-5.593320299780991656e-01
-4.948832619014523759e-01
-5.861587407356853019e-01
-5.636848719465177293e-01
-4.948240571720212144e-01
-5.414573313279691380e-01
-5.406983274291977670e-01
-5.399631477869645257e-01
-5.697384868315268358e-01
-5.911730802567511933e-01
-5.299630063086644416e-01
-5.301149775015716603e-01
-5.443638596275330865e-01
-4.452966655664218343e-01
-4.867519826899084356e-01
-4.615160328795582245e-01
-4.619543598433872855e-01
-5.175097467280218577e-01
-4.328622189690063959e-01
-6.116383245706518146e-01
-5.579384459052353362e-01
-5.383957968171739772e-01
-4.754019414296408730e-01
-6.369867476286731334e-01
-5.350861216669997589e-01
-5.398557876824140456e-01
-2.470614380919302633e+00
-2.798760766400739453e+00
-2.416901016964983384e+00
-2.695657828302886028e+00
-2.466445820596892435e+00
-2.605939282814781599e+00
-2.479342315199419389e+00
-2.922219711489251193e+00
-3.302369205986636747e+00
-2.856774049524215098e+00
-2.672670181733908468e+00
-2.538181372552263948e+00
-2.382576465915021924e+00
-2.665703307745012740e+00
-2.993869504111018376e+00
-2.502948357231858711e+00
-2.460364848963120465e+00
-2.442966716270940530e+00
-2.626560901671200376e+00
-2.582998110484946874e+00
-2.880410708188363866e+00
-2.876442154015034003e+00
-2.789992309725036979e+00
-3.017275371334493972e+00
-2.534273519537462604e+00
-2.345529161571906052e+00
-2.709403338314452903e+00
-2.533937991492510200e+00
-2.383379187426613921e+00
-2.300084158158211878e+00
-2.905733819208853319e+00
-2.912430325047593804e+00
-2.919621127650512182e+00
-2.506316929251862113e+00
-2.518737073347943500e+00
-2.651006162135171706e+00
-2.702060662255845624e+00
-2.833782501746134219e+00
-2.468054970650356950e+00
-2.733008883148578150e+00
-3.141766105563100098e+00
-2.261461545318671273e+00
-2.938265271273557744e+00
-2.608083619831433886e+00
-6.885718322330243168e-01
-6.597745140205639736e-01
-6.970505232916597294e-01
-6.598894105537402854e-01
-7.478592659618966687e-01
-6.955329173274584775e-01
-4.517472628836119997e-01
-7.674620028072448585e-01
-6.209258397517958272e-01
-6.576009705032511699e-01
-5.033008117590693775e-01
-5.650337163958253361e-01
-5.423827488773695915e-01
-5.410653495071623409e-01
-5.938159580442466945e-01
-5.977560229514417012e-01
-5.903453794801191146e-01
-5.097824911927080205e-01
-6.677992245235626623e-01
-6.775899549419598378e-01
-6.175428924786903195e-01
-6.899252811729710277e-01
-6.662515389295883272e-01
-6.775701983969566466e-01
-5.761712003662000647e-01
-6.723876578474464738e-01
-6.663603009886476247e-01
-6.766746731613709764e-01
-6.307254846399935611e-01
-6.583675945345506264e-01
-6.724922321331268105e-01
-5.878772396248125309e-01
-7.314999992835543585e-01
-7.409351364037792820e-01
-6.175241512178090142e-01
-7.049296104331874702e-01
-6.297321208243081836e-01
-6.303151410113017050e-01
-6.411608093474431280e-01
-6.845698829177584432e-01
-6.461805958699312624e-01
-5.638885180519014328e-01
-2.925075424883483155e-01
-2.846139737182993290e-01
-2.896704938968345799e-01
-3.049695487645764369e-01
-2.287040122372797080e-01
-3.017283358533512372e-01
-2.155666675999492465e-01
-2.025351386132560882e-01
-2.128414669745723464e-01
-1.962947073375989337e-01
-2.027842404319649405e-01
-1.779280232638757175e-01
-1.672688793350476655e-01
-1.532864202088869143e-01
-1.697634919676636045e-01
-1.901456522919094394e-01
-2.006190241289100284e-01
-2.082203750388103569e-01
-1.954419139191333477e-01
-2.849038492867439487e-01
-2.849574254083764857e-01
-2.823063036191961750e-01
-2.820842986819246945e-01
-2.969233986660167468e-01
-2.864381510152775312e-01
-2.809772698001681279e-01
-3.151742483239352022e-01
-3.418990612952517161e-01
-2.690487819328184482e-01
-2.933396864887638511e-01
-2.755205205945869817e-01
-2.896192259430921956e-01
-2.832550229730594893e-01
-3.169673479710043984e-01
-2.471415290035151591e-01
-2.480262420855761929e-01
-2.375572947849360905e-01
-2.591362858522869850e-01
-2.750427600191550082e-01
-2.401628935395949960e-01
-1.541101509242787548e+00
-1.817413405080962496e+00
-1.944273395629518397e+00
-1.545950541858208682e+00
-1.917450985360932059e+00
-1.709766439153751705e+00
-1.840871566503938350e+00
-1.734590614536844155e+00
-1.822892521947828470e+00
-1.511213498795759502e+00
-1.560990355821190612e+00
-1.421468137633556950e+00
-1.434042680445196449e+00
-1.572739653650223834e+00
-1.658917285363759930e+00
-1.637810590446101333e+00
-1.810395611278475370e+00
-1.516305297082319203e+00
-1.948513969533428147e+00
-1.756121501354011905e+00
-1.658293578408290614e+00
-1.736099906522587277e+00
-1.799219349517506172e+00
-1.785164327801065376e+00
-1.864234209214542082e+00
-1.576483420059896501e+00
-1.636868970538619017e+00
-1.784323074502761175e+00
-1.807616081909819705e+00
-1.465646901028761828e+00
-1.696408870579212413e+00
-1.829097053974183984e+00
-1.605467054542916605e+00
-1.603213260817528019e+00
-1.872526111371512592e+00
-1.917295399119133492e+00
-1.804374695734500822e+00
-1.838773904909520640e+00
-1.815579739682091631e+00
-1.679601708430660922e+00
-1.816504449816038536e+00
-4.195035336575350660e-01
-4.806793762407056692e-01
-5.054009047915766217e-01
-4.448501483188219141e-01
-5.068570394245349719e-01
-4.409244185853343212e-01
-4.220670144068690011e-01
-3.427363962021294230e-01
-2.973990275958825480e-01
-3.077699399928980339e-01
-2.688387623644598046e-01
-2.940427353078417516e-01
-2.529193315798235475e-01
-3.161048341143445350e-01
-2.779914894206297338e-01
-3.223795101883826231e-01
-3.691479003026114092e-01
-3.970684017798066234e-01
-4.195857558439227697e-01
-4.627040913845145154e-01
-4.804025293330269619e-01
-5.245641961997871139e-01
-3.672468633189164833e-01
-4.542267129666437975e-01
-4.883725753524670310e-01
-4.591478006761623987e-01
-3.736550476035059298e-01
-3.736493355207009537e-01
-5.035428741635855632e-01
-4.542884791877645489e-01
-4.207339423318210425e-01
-4.672861776049857530e-01
-4.317395653304066383e-01
-4.840794736524807740e-01
-5.573446986744716725e-01
-5.496281288158879619e-01
-4.003003860170948336e-01
-4.607358939574844880e-01
-1.751491283320117942e-01
-1.945749165564018279e-01
-1.598649627487193914e-01
-1.137827090225867754e-01
-1.150740831933829977e-01
-1.224811470558364451e-01
-1.035784658325899360e-01
-9.940796167273217854e-02
-1.071536183023768379e-01
-9.918713387731514786e-02
-9.949507782144909052e-02
-8.744474415370072362e-02
-1.086268246636810791e-01
-9.253034073507869495e-02
-1.058355807423555506e-01
-1.116085037288276488e-01
-9.505449897000353698e-02
-1.478674267720801461e-01
-1.614067629568315954e-01
-1.634817753490852565e-01
-1.841257526092894004e-01
-1.905281236824343527e-01
-1.595324604526864587e-01
-1.901044326768983883e-01
-1.870687154476465275e-01
-2.135811320360236354e-01
-1.855446833330460787e-01
-1.767736229884492027e-01
-1.821051951200317875e-01
-1.793071257487558190e-01
-1.604663559343754986e-01
-1.826419366936018196e-01
-1.810257572707611173e-01
-1.648157744845538120e-01
-1.846414890416395171e-01
-1.319056846059382559e+00
-1.324931988070200850e+00
-1.479467764794230034e+00
-1.523559407650234121e+00
-1.185797529652697913e+00
-1.418623016215439847e+00
-1.358556702883933820e+00
-1.131522942933861797e+00
-1.073058383546963812e+00
-9.847256039409767459e-01
-1.039435581950797216e+00
-9.060023387885038915e-01
-9.779390928615543377e-01
-9.733559968121622274e-01
-1.077332494024446641e+00
-9.701961247675654487e-01
-1.067645647469954495e+00
-1.183721730281802831e+00
-1.322103399753801867e+00
-1.490970117867180589e+00
-1.636508945723526676e+00
-1.335502350140444827e+00
-1.153466585317855841e+00
-1.366719481711755835e+00
-1.212747294809952248e+00
-1.369554417819104364e+00
-1.569073031716806454e+00
-1.422328593393594076e+00
-1.326672099052227161e+00
-1.391221681084721773e+00
-1.210078781583481700e+00
-1.158984604610890257e+00
-1.436785329147290513e+00
-1.417668435501763691e+00
-1.403038019564480265e+00
-1.227509105431449310e+00
-1.394903087474583581e+00
-1.534031218534250396e+00
-3.754853928307664845e-01
-3.211159408111640690e-01
-2.406353040963803702e-01
-2.240309842453091227e-01
-1.797153152462084569e-01
-2.039268538234019212e-01
-1.983908371599276410e-01
-1.881266302082627295e-01
-2.061257582944357736e-01
-1.945698960210186512e-01
-1.494037184428378129e-01
-1.945914113003096857e-01
-1.844316544036128380e-01
-1.777737321738354637e-01
-2.147459520474706840e-01
-2.094468755525396853e-01
-2.549667678857752695e-01
-3.188437084656952636e-01
-3.443846268458787829e-01
-3.403921158132615643e-01
-3.978287346454199014e-01
-3.355909292007819844e-01
-3.571305133533910214e-01
-3.409670438864828013e-01
-3.728445560523347968e-01
-2.957706823651132244e-01
-3.527181317669721983e-01
-3.635617123213453206e-01
-3.927530005260269075e-01
-3.901981362270447451e-01
-3.703327344906104934e-01
-3.210215568239897510e-01
-3.262108979487761129e-01
-3.799069581068472146e-01
-8.795325376773915904e-02
-7.951450130730808308e-02
-7.065208502644906852e-02
-7.176856729188993422e-02
-6.384397535876987217e-02
-8.871213695880396377e-02
-8.658884259326415922e-02
-7.016693122896559831e-02
-8.234051394887122177e-02
-8.607129397699296580e-02
-6.912865386478847518e-02
-7.836906373004859372e-02
-7.010823654799223925e-02
-6.138571228183186540e-02
-9.204368967450309025e-02
-9.645426927740557987e-02
-8.715329694034228136e-02
-1.013838280801649949e-01
-1.374165406853771754e-01
-1.353078380849434270e-01
-1.254082988415457234e-01
-1.455486630267939230e-01
-1.450162122723641089e-01
-1.323779539551205031e-01
-1.358092754373236566e-01
-1.176252100059290984e-01
-1.510309931492981594e-01
-1.325436830836130009e-01
-1.258671628896392558e-01
-1.334720285057801326e-01
-1.043029376210774517e+00
-1.151410258462858494e+00
-1.087312871635490952e+00
-8.967185579106674576e-01
-9.063867589793150881e-01
-8.805205140174465761e-01
-7.694792117624064121e-01
-7.422607648850286788e-01
-6.473677281534799821e-01
-6.767618070783665285e-01
-5.599766302431768983e-01
-7.119311274088471198e-01
-8.247595707269369525e-01
-7.746939377275142702e-01
-8.512678144631766752e-01
-1.000915507135549110e+00
-1.036955922304763966e+00
-1.105037323273441840e+00
-1.207095083415672621e+00
-1.208256803742594032e+00
-1.207644929984635240e+00
-1.161238090743842877e+00
-1.232454306217148909e+00
-1.274003619375885465e+00
-9.711262660886105236e-01
-1.067481053333545260e+00
-1.000800898220964408e+00
-1.066249220827766520e+00
-1.036303376584186253e+00
-1.040237284332807155e+00
-1.114391197632493835e+00
-1.158497485413707340e+00
-1.131096791735187512e+00
-9.429962471631312404e-01
-1.232326790671867345e+00
-1.844226202641513213e-01
-1.737531675194786129e-01
-1.449608036746281858e-01
-1.577305940685078123e-01
-1.416636757682123715e-01
-1.490216470491126932e-01
-1.254206229581096843e-01
-1.706262728680787710e-01
-1.572724785466699526e-01
-1.405119260773325107e-01
-1.441031505278189129e-01
-1.316662805841570527e-01
-1.496311962716146970e-01
-1.589718388337836574e-01
-1.773147683455608692e-01
-1.996067575465445554e-01
-2.089225524657983835e-01
-2.680054431633412948e-01
-2.690465209514747436e-01
-2.912411926738308066e-01
-2.642575156948115955e-01
-2.835551725693306602e-01
-3.026325008007684780e-01
-2.389105760362368880e-01
-3.067142075878404039e-01
-2.461738807266059259e-01
-2.501507978891616135e-01
-2.592078261652780991e-01
-3.226686248439852300e-01
-2.709994855130942737e-01
-5.992764099836569991e-02
-6.321137628699398381e-02
-7.280747457741199025e-02
-9.114782561573413211e-02
-8.435063421059765809e-02
-8.537986397645658254e-02
-7.273724303807968528e-02
-8.798076936998509845e-02
-7.653209396213009330e-02
-7.387041406751562733e-02
-6.593999479527237750e-02
-5.634536878272259491e-02
-5.793133627989814627e-02
-5.799149673850136771e-02
-6.551856097819794278e-02
-6.970992532505175532e-02
-8.957137577731226485e-02
-8.824221966182482779e-02
-9.919911227892772021e-02
-9.216197602711918846e-02
-1.047579547363604729e-01
-1.160399006860522164e-01
-1.204499054297130806e-01
-1.286082406012635515e-01
-1.062211049050083567e-01
-7.332435736741973464e-01
-7.142756102882893421e-01
-6.186298037365788316e-01
-6.531939563946503879e-01
-5.242208798248544355e-01
-5.691188321899414149e-01
-4.933395044868791324e-01
-5.667630351480194006e-01
-4.458512542014843039e-01
-5.184589221852715646e-01
-5.994925958798524857e-01
-6.222579702848780592e-01
-6.348772128943981352e-01
-7.118560815264645125e-01
-7.021045450797878118e-01
-6.819853677126679337e-01
-8.055679123063707037e-01
-8.802633532862876864e-01
-9.599329757265324670e-01
-8.985154664552599257e-01
-1.037337224673070768e+00
-9.677292281813048014e-01
-8.003881940539374629e-01
-8.287970498342407399e-01
-8.178623252421567402e-01
-8.549338768575565073e-01
-8.603373486079696209e-01
-1.049135671188125674e+00
-8.635419584580944496e-01
-9.756310743193705726e-01
-9.502927571224295544e-01
-9.197622098924587153e-01
-1.165253927193987127e-01
-1.185295148377772390e-01
-1.307399922908101531e-01
-1.279148172332291444e-01
-1.448792345174561291e-01
-1.263366036133618253e-01
-1.335472130405467583e-01
-1.573221526212665866e-01
-1.384868611712411490e-01
-1.370830271986632487e-01
-1.394984539363721410e-01
-1.155777176133447187e-01
-1.319101079996252424e-01
-1.334899545971526547e-01
-1.578160970122045315e-01
-1.813899486468528444e-01
-1.797657362148731286e-01
-2.044112089205596394e-01
-2.359246918413447913e-01
-2.629308792990983079e-01
-2.865498087261095783e-01
-2.483460568666139845e-01
-2.248650249655972377e-01
-2.521268205047239030e-01
-2.260001053817707606e-01
-2.442134129807596588e-01
-6.647090189743150301e-02
-6.989393157462951700e-02
-6.336309260254477382e-02
-6.805188534168526981e-02
-7.167642429076788446e-02
-5.986523399582550226e-02
-6.043352578703677092e-02
-6.878441807463071822e-02
-6.197307546529157163e-02
-6.336370215434752873e-02
-4.787265223468601533e-02
-4.450660716449204857e-02
-5.100835798713668906e-02
-5.675891145101738533e-02
-5.427256522212622891e-02
-5.069915164871185986e-02
-7.128660575793124843e-02
-7.948235705055946287e-02
-9.516186614546642830e-02
-1.083414849860801638e-01
-6.896373209725820130e-01
-5.974011886820920214e-01
-4.904696734986889184e-01
-4.214928041451854734e-01
-4.847591967661696866e-01
-3.962004852614516848e-01
-3.805860226242364086e-01
-4.045872955102810531e-01
-4.286351764219233362e-01
-4.510848437945235156e-01
-5.052179170227196758e-01
-4.428139034915091199e-01
-5.444716440899119991e-01
-5.958414998313561473e-01
-5.842903758422618443e-01
-6.658119618938662665e-01
-6.662107741906249103e-01
-7.857591127543933629e-01
-9.275599309583537622e-01
-8.804179866045159786e-01
-7.607991667293333427e-01
-7.497399721307719256e-01
-7.900229896201217406e-01
-7.805145443731296151e-01
-6.657405596271572801e-01
-7.406693171584747271e-01
-9.238090878166176356e-01
-8.341840574769769923e-01
-6.516767424201781456e-01
-1.392348657058493644e-01
-1.298021130187461125e-01
-1.208516049105214235e-01
-1.585075998935117636e-01
-1.052482367303268218e-01
-1.131891603282369763e-01
-1.267264432173811073e-01
-1.237743890540586866e-01
-1.121371900019585977e-01
-1.090627013737938689e-01
-1.029107460355932063e-01
-1.050340286608115459e-01
-1.407914789745511597e-01
-1.188280502618142831e-01
-1.384498475444436161e-01
-1.669438666219340006e-01
-1.454745242299934627e-01
-2.259046333997761502e-01
-1.697072434170705801e-01
-2.110863228296881999e-01
-2.099010943372303928e-01
-2.310701275696105117e-01
-6.916852319076630118e-02
-6.930810560559275135e-02
-5.909380924750460423e-02
-5.654781868824060309e-02
-6.831270095310558454e-02
-6.435195291326679945e-02
-6.565855243066012759e-02
-5.454557200863009714e-02
-4.455473341803915799e-02
-4.676041247976988474e-02
-3.828793804988347288e-02
-4.418981770458368930e-02
-4.783450769356044352e-02
-4.558246746682181882e-02
-5.587169582193759337e-02
-4.184390360472298731e-01
-3.566391572068333127e-01
-3.450048307080232912e-01
-3.947846712622825049e-01
-3.948543583328502637e-01
-3.786450321812951381e-01
-3.763891637809624879e-01
-3.808856990748680227e-01
-3.186171718778736395e-01
-3.615513598987870614e-01
-3.932817654010243857e-01
-5.647766150901619708e-01
-4.491937133909889024e-01
-6.063776243235967645e-01
-6.068270965022093399e-01
-5.729668631499902354e-01
-6.119195670097796746e-01
-7.800001814293063829e-01
-7.518994743399134428e-01
-7.616109806834022722e-01
-6.688368735458266601e-01
-6.753470011039567344e-01
-6.967361882633839043e-01
-7.264697587791236755e-01
-6.966432079527625776e-01
-6.286922706376885106e-01
-1.344299878364590417e-01
-1.388923492169128471e-01
-1.265985782725354558e-01
-1.202863942668914304e-01
-1.250296240071767095e-01
-1.188790298853005661e-01
-1.150751483029047451e-01
-1.203198857527092297e-01
-1.042996197701763494e-01
-1.051674924304118464e-01
-1.075065123096234504e-01
-9.692657906786121547e-02
-1.174528888889864592e-01
-1.108560901561116696e-01
-1.205577617882934299e-01
-1.482660731868449266e-01
-1.679045761631319522e-01
-1.708162015011228108e-01
-5.313368890153916113e-02
-3.974093461890637613e-02
-6.176383795116319880e-02
-6.176459058667186502e-02
-4.921219007698976466e-02
-5.375258476482416142e-02
-4.666541697031086761e-02
-5.493028183611306514e-02
-4.056233076533368592e-02
-4.013412992631442550e-02
-3.536088457205500135e-01
-3.717875431420892829e-01
-3.569253041482702837e-01
-4.007540773739731166e-01
-3.881640240622550309e-01
-3.162006573819883259e-01
-3.394135586300217056e-01
-2.789159455655015885e-01
-3.841016374375789688e-01
-3.227063035999003793e-01
-3.778289447667210199e-01
-4.212197784745813078e-01
-4.448531487878386037e-01
-5.539944260734447345e-01
-5.081234175352354887e-01
-5.491389426522962358e-01
-5.611244564571893356e-01
-6.198565321508568982e-01
-6.679067183819216158e-01
-7.061300622902717539e-01
-5.893506623620016205e-01
-6.118242238130316979e-01
-5.936605718002114784e-01
-1.095058767926113952e-01
-1.324908898161068493e-01
-1.143968726641118039e-01
-1.142629867556080314e-01
-1.089819872790078192e-01
-9.578423037691986830e-02
-1.016614433972187481e-01
-1.060887725239490625e-01
-9.026892231070343664e-02
-9.385423099968771832e-02
-7.711442463943360415e-02
-1.091410051526906233e-01
-8.883723334742298083e-02
-1.205783826927999403e-01
-6.000855710221401212e-02
-5.382887815046884239e-02
-5.000866565688419363e-02
-4.876167903261373338e-02
-4.692836599020530630e-02
-3.881643920987495333e-01
-3.803755581019631626e-01
-3.383321041453604128e-01
-3.325381847181778094e-01
-3.061603419495376177e-01
-3.610074760752682854e-01
-3.179396262130415596e-01
-2.724641108002149870e-01
-2.769008529104847738e-01
-3.159354427753739425e-01
-3.352701453644408858e-01
-3.832844537011096953e-01
-4.187143560978006662e-01
-3.885490841330965228e-01
-5.146410596716802788e-01
-4.642155922848740790e-01
-4.574519903448972524e-01
-5.931976290085363424e-01
-4.447198793222754687e-01
-5.114759361391902903e-01
-1.125974894891193234e-01
-1.035344378451725916e-01
-1.174866190584498288e-01
-1.027484944213031270e-01
-1.121411482039246371e-01
-9.632743529498230539e-02
-9.128004011115586902e-02
-8.410311691601295159e-02
-9.563862591137466118e-02
-1.022082729988518235e-01
-3.153923084802877086e-01
-3.160348423306472698e-01
-3.409890379930796134e-01
-3.351930380790148489e-01
-3.116833145811754857e-01
-3.019717642058233897e-01
-3.279191707283038992e-01
-2.777534773081266062e-01
-3.146566555428826906e-01
-2.883362154318205306e-01
-3.336657673461870255e-01
-3.852123083482528187e-01
-3.405950992988655002e-01
-4.355750610556772817e-01
-4.578056035051247252e-01
-5.036537717084620391e-01
-5.164929074548439969e-01
-1.285242179783802341e-01
-9.721500754090149632e-02
-1.219421837174017725e-01
-1.058398960482297146e-01
-1.063720923835498183e-01
-7.633715011661057481e-02
-2.961716835048197050e-01
-3.362161615680265281e-01
-3.076687717175108361e-01
-2.846225207314855288e-01
-3.312901396427479495e-01
-2.639941725371421910e-01
-2.954345912766088711e-01
-2.726102412882384085e-01
-3.204611206911090471e-01
-3.720315907002123557e-01
-3.405079023282661654e-01
-4.361717867777776259e-01
-4.224166782345073479e-01
-4.172080533517873446e-01
-8.058748669309295787e-02
-8.358989373705862092e-02
-3.142864117595787765e-01
-3.170983028373318691e-01
-2.718306082896141951e-01
-2.512263982364923431e-01
-2.210306682665327815e-01
-2.523794853973826968e-01
-3.234952003770428797e-01
-2.956386599778896285e-01
-3.077026484358643676e-01
-3.071003941517582159e-01
-3.148750226663187823e-01
-2.882630115586770070e-01
-2.944477061972720078e-01
-2.599677738775063585e-01
-2.739435989781556779e-01
-2.427625317692591322e-01
-2.168106138615233103e-01
-2.754625344058923564e-01
-3.014976946434391736e-01
-2.506719854000337144e-01
-2.041942254138230384e-01
-2.753666160302832844e-01
-2.843110291615017493e-01
-2.703009370528434707e-01
-2.511035786068324116e-01
-2.330359078439995513e-01
